15
264
143
301
97
228
73
158
589
169
282
188
94
170
323
173
424
110
116
125
199
462
626
672
780
819
885
943
120
247
949
123
164
32
66
238
76
116
47
472
430
194
345
378
56
90
83
82
96
78
133
139
211
90
124
85
149
214
325
376
271
139
208
298
75
117
110
109
157
96
79
68
104
107
106
136
44
84
24
99
197
238
463
509
607
205
83
128
75
85
160
127
74
99
152
128
36
84
97
156
105
106
150
171
217
318
449
589
737
839
990
1124
1326
1503
1788
1887
2023
2318
2418
3039
3067
3095
3123
3151
3179
3207
3235
3263
3291
3319
3347
3375
50
64
161
191
161
170
206
267
174
83
57
72
102
142
262
274
145
180
116
90
180
161
289
322
301
50
169
375
483
201
275
115
151
48
111
153
196
36
68
98
541
792
65
412
70
247
323
852
211
262
357
725
771
815
896
241
321
368
523
893
1184
1241
1354
261
852
103
198
426
847
987
1209
53
102
270
62
242
118
146
180
235
54
119
70
169
234
61
139
191
244
290
336
382
428
474
520
566
612
658
704
750
796
842
898
970
151
228
26
66
178
280
52
97
89
64
128
231
272
359
544
57
192
283
332
414
608
711
827
1226
1395
1603
1950
2111
2298
2318
2359
2430
2452
2597
2720
2752
2786
2861
58
159
266
87
277
68
198
129
607
810
986
1286
1383
1577
81
53
124
111
181
274
455
551
1084
1355
147
388
466
529
589
681
790
875
1165
1255
1371
1428
1618
1710
1762
2058
2236
2315
2537
2626
2726
2885
3058
3122
3208
64
128
165
66
98
113
154
379
611
775
837
899
987
1064
1165
1243
1365
1463
1510
1820
1917
123
80
130
444
60
69
91
111
505
51
98
135
74
120
119
293
111
72
222
287
75
158
61
148
174
205
227
96
270
377
427
509
655
682
805
880
907
190
254
378
422
485
518
574
99
138
184
206
595
704
116
34
79
173
308
57
147
106
119
150
132
163
193
80
71
158
216
281
59
77
169
315
43
71
114
57
204
189
410
105
239
104
131
73
67
114
75
117
142
226
376
109
138
182
280
127
166
208
250
99
138
180
135
150
202
242
285
117
71
143
183
294
411
444
568
654
720
839
61
69
198
112
218
310
70
122
165
322
350
144
96
207
69
93
165
45
62
35
11
142
854
182
227
327
74
162
193
65
34
51
82
162
136
161
267
144
171
236
346
480
539
604
678
803
1002
1107
1202
1443
1490
1602
1667
131
60
61
98
235
203
117
481
668
766
934
1821
1909
2615
2671
2730
2785
2844
2906
93
47
98
192
319
389
431
667
822
924
1602
1944
2542
2666
2729
2861
2922
3030
3271
3773
4189
4279
4326
4362
4413
4464
4506
4581
4605
4643
4732
4857
4933
5059
5226
5301
5332
5384
117
208
253
356
393
430
491
559
623
682
772
821
867
905
1096
1174
1195
1276
1357
1396
1446
1512
1551
1611
1666
1693
1725
1757
1785
1853
1923
1963
2043
2113
2222
2338
2362
2402
2514
2570
2622
2686
2737
2759
2817
2883
2952
3051
3095
3147
3206
3403
3453
3542
3599
3631
3677
3780
3840
3896
3936
3957
4033
4117
4138
4162
4184
4224
4283
4333
4377
4433
4482
4529
4552
4600
4629
4659
4699
4723
4752
4778
4824
4860
4909
4968
5010
5060
5130
3425
8
5170
5209
5289
5350
5549
5617
5683
5720
5762
5801
5893
5965
6030
6100
6154
6200
6242
6285
6329
6371
6411
6440
6502
6562
6620
6646
6689
6774
6990
7046
7106
7159
7199
7260
7289
7343
7383
7424
7488
7551
7595
7813
7929
7994
8149
8202
8228
8251
8284
8362
8412
8473
8506
144
283
369
399
453
508
588
628
720
1176
787
841
882
1007
1108
1131
1158
1211
1338
1377
1416
1478
1532
1574
1631
1670
1702
1731
1766
1792
1880
1985
2083
2182
2266
2301
2337
2361
2463
2524
2568
2609
2673
2724
2746
2804
2870
2939
3038
3082
3134
3193
3390
3440
3529
3586
3618
3664
3767
3827
3883
3923
3944
4020
4104
4125
4149
4171
4211
4270
4320
4364
4420
4469
4516
4539
4587
4616
4646
4686
4710
4739
4765
4811
4847
4896
4955
4997
5047
5117
5157
5196
5276
5337
5536
5604
5670
5707
5749
5788
5880
5952
6017
6087
6141
6187
6229
6272
6316
6358
6398
6427
6489
6549
6607
6633
6676
6761
6977
7033
7093
7146
7186
7247
7276
7330
7370
7411
7475
7538
7582
7800
7916
7981
8136
8189
8215
8238
8271
8349
8399
8460
126
217
262
365
402
439
500
568
632
691
781
830
876
914
1105
1183
1204
1285
1366
1405
1455
1521
1560
1620
1675
1702
1734
1766
1794
1862
1932
1972
2052
2122
2231
2347
2371
2411
2523
2579
2631
2695
2746
2768
2826
2892
2961
3060
3104
3156
3215
3412
3462
3551
3608
3640
3686
3789
3849
3905
3945
3966
4042
4126
4147
4171
4193
4233
4292
4342
4386
4442
4491
4538
4561
4609
4638
4668
4708
4732
4761
4787
4833
4869
4918
4977
5019
5069
5139
5179
5218
5298
5359
5558
5626
5692
5729
5771
5810
5902
5975
6040
6110
6164
6210
6252
6295
6339
6381
6421
6450
6512
6656
6572
6630
6699
6784
7000
7056
7116
7169
7209
7270
7299
7353
7393
7434
7498
7561
7605
7823
7939
8004
8159
8212
8238
8261
8294
8372
8422
8481
8503
8533
8596
8647
8692
8722
8752
8782
8812
127
169
213
259
307
380
467
512
549
605
133
241
363
1138
1306
1358
1555
1628
1755
1842
2225
2263
2304
2349
2613
2748
2796
2851
2891
2949
3004
3058
3093
3132
3386
3635
3658
3682
3775
3820
3858
3899
116
147
187
234
278
310
348
385
421
457
493
529
565
600
634
672
716
762
808
852
896
924
953
981
1009
1040
1079
1127
1175
1223
1271
1319
1367
1415
1463
1511
1555
1602
1653
1686
1721
1766
1825
1868
1909
1949
1984
2017
2084
2117
2149
2200
2254
2317
2380
2414
2455
2507
2537
2568
2604
2650
2730
2786
2835
2900
2931
2961
2991
3023
3057
3087
3114
3144
3176
3235
3275
3337
3490
3576
3646
3735
3788
3846
3983
4032
4085
4122
4163
4199
4235
4271
4307
4349
4392
4439
4486
4541
4587
4635
4684
4772
4802
4832
4863
4896
4928
4958
4982
5018
5051
5157
5215
5276
5323
5366
5470
5547
5607
5653
5699
5750
5804
5847
5892
5948
6037
6091
6186
6238
6286
6328
6370
6408
6456
6564
6606
6648
6690
6732
6766
6823
6872
6924
6971
7010
7055
7096
7143
7190
7284
7332
7382
7433
7491
7548
7602
7646
7715
7789
7915
7982
8026
8112
8197
8246
8335
8387
8439
8505
8552
8608
8646
8683
8754
8802
8848
8890
8932
8974
9026
9068
9109
9152
9188
9224
9261
9304
9343
9383
9436
9499
9557
9593
116
147
187
234
278
310
348
385
421
457
493
529
565
600
634
672
716
762
808
852
896
924
953
981
1009
1040
1079
1127
1175
1223
1271
1319
1367
1415
1463
1511
1555
1602
1653
1686
1721
1766
1825
1868
1909
1949
1984
2017
2084
2117
2149
57
66
2200
2254
2317
2380
2414
2455
2507
2537
2568
2604
2650
2730
2786
2835
2900
2931
2961
2991
3023
3057
3087
3114
3144
3176
3235
3275
3337
3490
3576
3646
3735
3788
3846
3983
4032
4085
4122
4163
4199
4235
4271
4307
4349
4392
4439
4486
4541
4587
4635
4684
4772
4802
4832
4863
4896
4928
4958
4982
5018
5051
5157
5215
5276
5323
5366
5470
5547
5607
5653
5699
5750
5804
5847
5892
5948
6037
6091
6186
6238
6286
6328
6370
6408
6456
6564
6606
6648
6690
6732
6766
6823
6872
6924
6971
7010
7055
7096
7143
7190
7284
7332
7382
7433
7491
7548
7602
7646
7715
7789
7915
7982
8026
8112
8197
8246
8335
8387
8439
8505
8552
8608
8646
8683
8754
8802
8848
8890
8932
8974
9026
9068
9109
9152
9188
9224
9261
9304
9343
9383
9436
9499
9557
9593
263
295
312
328
350
374
421
446
495
528
84
106
128
150
172
276
194
214
234
256
296
39
75
98
134
169
108
208
276
345
430
506
572
632
691
723
768
111
27
100
131
171
218
262
294
332
369
405
441
477
513
549
584
618
656
700
746
792
836
880
908
937
965
993
1024
1063
1111
1159
1207
1255
1303
1351
1399
1447
1495
1539
1586
1637
1670
1705
1750
1809
1852
1893
1933
1968
2001
2068
2101
2133
2184
2238
2301
2364
2398
2439
2491
2521
2552
2588
2634
2720
2778
2828
2896
2927
2957
2987
3019
3053
3083
3110
3140
3172
3231
3271
3333
3486
3572
3642
3731
3784
3842
3979
4028
4081
4118
4159
4195
4231
4267
4303
4345
4388
4435
4482
4537
4583
4631
4680
4768
4798
4828
4859
4892
4924
4954
4978
5014
5047
5153
5211
5272
5319
5362
5466
5543
5603
5649
5695
5746
5800
5843
5888
5944
6033
6087
6182
6234
6282
6324
6366
6404
6452
6560
6602
6644
6686
6728
6762
6819
6868
6920
6967
7006
7051
7092
7139
7186
7280
7328
7378
7429
7487
7538
7592
7636
7705
7779
7893
7960
8012
8098
8183
8232
8321
8373
8425
8491
8538
8594
8632
8669
8740
8788
8834
8876
8918
8960
9012
9054
9095
9138
9174
9210
9247
9290
9329
9369
9424
9489
9547
9583
265
327
553
602
943
978
1277
1455
1520
1598
1667
1732
1778
1811
1886
1920
1976
2175
2263
2302
2337
2370
2398
2429
2530
2622
2680
2731
2767
2811
2837
2930
2994
110
143
185
234
278
310
350
389
425
461
497
533
569
604
638
678
726
776
826
874
922
950
979
1007
1035
1066
1105
1157
1209
1261
1313
1365
1417
1469
1521
1573
1621
1672
1727
1760
1795
1842
1905
1948
1993
2037
2073
2106
2173
2206
2238
2289
2343
2406
2469
2503
2546
2602
2632
2663
2699
2745
2829
2889
2942
3009
3043
3076
3106
3138
3178
3208
3235
3268
3303
3362
3402
3463
3616
3702
3773
3862
3915
3973
4109
4158
4211
4248
4289
4325
4361
4397
4433
4475
4518
4565
4612
4667
4713
4761
4811
4902
4932
4965
4996
5032
5067
5097
5121
5163
5196
5302
5360
5421
5468
5511
5545
5591
5672
5750
5790
5843
5885
5936
5989
6029
6086
6142
6181
6230
6285
6322
6375
6423
6467
6515
6552
6595
6706
6748
6790
6832
6874
6916
6959
7012
7061
7086
7133
7172
7217
7258
7305
7352
7446
7494
7544
7595
7653
7710
7764
7808
7877
7951
8077
8140
8192
8278
8363
8422
8511
8563
8615
8681
8728
8771
8809
8846
8919
8967
9013
9055
9097
9139
9191
9233
9274
9318
9354
9390
9427
9470
9510
9552
9607
9670
9727
9763
9795
90
138
200
264
353
387
438
504
562
605
660
715
767
813
863
908
959
1007
1055
1091
1159
1207
1302
1408
1444
1493
1538
1589
1640
1680
1729
1783
1838
1887
1930
1974
2018
2106
2171
2255
2317
2421
2509
2546
2597
2657
2713
2750
2813
2843
2874
2904
2937
2963
2993
3025
3058
3093
3131
3171
3211
3248
3328
3400
3470
3558
3625
3703
3774
3833
3985
4035
4109
4138
4185
4226
4275
4328
4571
4641
4683
4734
4792
4842
4889
4945
5000
5054
5086
5171
5199
5234
5267
5300
5383
172
220
282
346
434
468
520
585
643
686
741
796
848
894
944
989
1040
1088
1136
1172
1240
1294
1387
1492
1528
1577
1622
1673
1724
1764
1813
1867
1922
1971
2014
2058
2102
2190
2255
2339
2401
2505
2593
2630
2681
2741
2797
2834
2897
2927
2958
2987
3022
3048
3077
3108
3141
3175
3213
3253
3293
3330
3410
3480
3548
3635
3702
3780
3851
3910
4062
4112
4186
4215
4262
4303
4352
4405
4648
4716
4758
4809
4867
4917
4964
5020
5075
5129
5161
5182
5216
5266
5302
5391
5445
5486
5534
5582
5630
5678
5726
5765
5854
5890
5976
6020
6107
6195
6231
6311
6360
6423
6489
6569
6624
6669
6731
6770
6802
6897
6954
7010
7058
7109
7146
7195
7247
7310
7429
7473
7616
7721
7830
7882
7929
7979
8123
8215
8298
8376
8423
8462
8519
8595
8638
8698
8736
8778
8828
8862
8911
8971
9011
9056
9120
9306
9358
169
217
279
343
431
465
517
582
640
683
738
793
845
891
941
986
1037
1085
1133
1169
1237
1291
1384
1489
1525
1574
1619
1670
1721
1761
1810
1864
1919
1968
2011
2055
2099
2187
2252
4212
3081
2336
2398
2502
2590
2627
2678
2738
2794
2831
2894
2924
2955
2984
3019
3045
3074
3105
3138
3172
3210
3250
3290
3327
3407
3477
3545
3632
3699
3777
3848
3907
4059
4109
4183
4259
4300
4349
4402
4645
4713
4755
4806
4864
4914
4961
5017
5072
5126
5158
5179
5213
5263
5299
5388
5442
5483
5531
5579
5627
5675
5723
5762
5851
5887
5973
6017
6104
6192
6228
6308
6357
6420
6486
6566
6621
6666
6728
6767
6799
6894
6951
7007
7055
7106
7143
7192
7244
7307
7426
7470
7613
7718
7827
7879
7926
7976
8120
8212
8295
8373
8420
8459
8516
8592
8635
8695
8733
8775
8825
8859
8908
8968
9008
9053
9117
9303
9337
9431
169
217
279
343
432
466
526
591
649
692
747
802
854
900
950
995
1046
1094
1142
1178
1246
1300
1393
1498
1534
1583
1628
1679
1730
1770
1819
1873
1928
1977
2020
2064
2108
2196
2261
2345
2407
2511
2599
2636
2692
2762
2823
2860
2923
2953
2984
3013
3048
3074
3103
3134
3167
3201
3239
3279
3319
3356
3436
3506
3574
3661
3728
3806
3877
3936
4088
4138
4212
4241
4288
4329
4378
4431
4674
4742
4784
4835
4893
4943
191
357
4990
5046
5101
5155
5187
5208
5242
5292
5328
5417
5471
5512
5560
5608
5656
5704
5752
5791
5880
5916
6002
6046
6133
6221
6257
6337
6386
6449
6515
6595
6650
6695
6757
6796
6828
6923
6980
7036
7084
7135
7172
7221
7273
7336
7455
7499
7642
7747
7856
7908
7955
8005
8149
8241
8324
8402
8449
8488
8550
8626
8669
8729
8767
8809
8859
8893
8942
9002
9042
9087
9151
9337
9371
9465
113
302
54
248
675
1026
1219
1476
1503
1529
1556
1584
132
449
763
1156
1291
1400
1426
1453
133
237
40
113
81
99
119
123
322
391
233
305
397
580
642
875
349
542
765
992
1123
1187
1247
1388
1588
1805
1960
2197
2301
2387
2477
2511
2579
2637
2736
2953
3040
3282
3324
3374
3476
3678
3722
3760
3822
3972
4115
4153
4260
152
207
307
428
480
509
574
608
676
703
820
883
957
991
1019
1043
1072
1258
1306
1343
1384
1436
1546
198
240
356
414
481
74
96
303
461
587
710
872
980
1142
1281
1419
1517
1611
1743
1845
1972
2074
2157
2239
2342
1760
83
183
287
397
514
612
702
782
876
943
1048
139
228
339
541
756
908
1141
1301
1578
1764
1903
2007
2184
2284
2401
2902
3550
3654
3875
244
307
543
734
859
982
1206
59
111
182
265
84
207
304
391
996
1131
1259
1440
1563
1842
1995
2196
2405
2609
2771
3047
3258
3403
3557
3826
3970
4116
4259
4393
4652
4838
4947
5099
5502
5820
5930
6081
6312
6461
6591
6713
6824
6944
7069
175
341
466
96
255
387
533
677
806
901
202
252
463
882
1164
1255
1358
1441
1670
1856
2015
77
164
103
148
44
142
263
302
361
754
1178
1341
1581
977
1472
1619
1733
1888
1988
2105
2255
2403
2517
2786
2858
3027
3364
3700
3824
3953
4045
4203
4347
4574
4781
4937
5083
5247
5439
5507
5596
5696
5796
5955
6088
6182
6523
6666
6752
6883
6969
7127
7333
7489
7670
7793
7927
8080
8173
8271
8488
38
308
692
1118
1138
1158
1187
1214
1242
1266
1286
1312
1330
1350
1380
1410
1439
1459
1478
1520
1540
1564
1598
1624
1646
1675
1723
1743
1799
1822
1851
1880
1914
1942
1969
1988
2007
2035
2065
2087
2108
2129
2148
2205
2222
2254
2283
2312
2327
2371
2394
2415
91
147
179
206
239
285
309
337
383
412
454
502
540
619
697
985
1117
1161
138
208
251
513
537
559
577
595
628
689
715
741
767
794
1004
1039
1077
1107
1197
1254
1318
105
406
560
165
194
434
121
240
29
81
26
29
29
29
30
29
31
29
26
213
316
385
482
513
584
628
91
287
24
77
119
332
378
107
155
255
440
53
176
214
241
535
832
875
213
312
96
27
94
254
394
123
209
104
155
283
126
208
374
106
140
40
59
259
135
190
324
761
857
1093
1190
208
407
648
71
122
118
170
107
237
270
656
690
739
811
864
982
1148
1288
1429
1558
1711
1800
1822
1912
1941
2072
2122
2222
2272
2295
340
377
416
571
587
772
858
164
177
100
86
72
61
141
238
300
333
398
481
526
51
55
111
163
76
43
70
92
114
136
158
180
200
220
242
262
282
278
644
776
894
1048
1364
1420
103
403
556
52
30
76
133
154
792
174
49
40
245
289
454
609
687
985
1088
1182
1226
1369
1487
1799
1866
1910
158
350
437
70
173
230
79
280
868
893
925
999
1017
1065
1133
1186
1249
42
243
385
423
453
517
568
588
620
656
691
835
865
977
1300
1539
1861
1910
2302
2324
2474
2531
2575
2629
2689
2819
2894
3086
3299
3359
3419
3469
3514
3894
109
169
204
243
72
118
153
149
206
231
256
92
79
109
95
133
169
371
436
466
203
316
474
524
620
697
94
106
123
404
478
641
761
50
63
63
136
71
169
77
237
80
133
350
600
666
177
152
206
83
211
379
526
561
204
40
36
55
73
156
185
54
88
126
176
222
250
299
361
42
242
52
42
210
90
64
200
65
127
41
91
162
223
80
162
345
443
677
734
762
925
995
1043
188
290
502
535
569
109
156
74
152
259
357
419
458
507
552
619
718
790
924
889
1192
1454
1520
80
67
155
64
45
37
76
249
192
130
80
201
169
30
53
564
762
956
1112
1163
1211
118
86
167
317
434
1305
116
115
374
446
601
628
664
127
210
397
484
582
636
806
894
54
73
123
238
363
577
606
647
748
90
328
90
125
36
115
149
223
248
353
581
675
783
807
839
871
87
272
289
314
384
459
474
501
534
560
142
215
108
209
189
326
430
484
849
910
993
1060
81
504
555
257
582
1219
1320
1357
1453
70
333
167
235
325
291
42
190
88
239
161
249
421
67
95
214
76
55
68
120
201
280
151
174
101
136
270
465
611
666
49
193
824
278
310
282
389
908
96
216
104
116
144
170
89
274
310
139
177
215
253
291
329
368
408
445
483
520
558
596
634
672
710
748
81
109
367
509
546
118
175
310
79
114
87
29
450
584
95
201
294
335
512
798
822
866
929
1003
1054
566
755
105
63
70
133
235
71
78
155
311
339
519
73
130
281
207
134
222
398
182
244
62
96
94
129
255
352
379
454
144
286
310
73
177
493
669
773
134
54
227
285
64
118
43
186
293
329
371
180
64
51
59
127
175
137
103
298
314
516
107
182
208
234
273
311
435
565
84
131
87
309
46
52
90
193
242
112
175
248
328
389
456
519
694
795
832
182
93
126
88
47
74
65
129
639
970
1017
1263
103
532
710
55
100
113
439
570
775
1078
233
354
446
65
265
304
343
523
567
865
1154
1271
1407
1435
1598
1747
128
181
74
87
118
84
100
150
64
104
53
312
377
118
103
137
187
278
81
118
204
62
62
113
355
406
76
140
245
105
137
173
96
236
346
416
248
624
78
78
55
206
256
186
67
115
145
274
370
89
157
245
438
497
706
25
34
64
40
92
133
84
104
121
140
160
181
203
274
299
391
426
112
235
327
434
127
166
425
464
997
1186
165
137
381
155
109
136
675
1133
1350
1469
2195
3395
3698
3853
4490
4728
5048
699
775
838
1018
1086
1168
1214
1262
429
193
87
209
70
156
154
358
393
1048
372
641
852
946
1249
1350
1517
38
121
291
149
232
416
453
132
300
340
96
125
313
103
199
133
348
384
131
318
354
139
367
66
132
307
343
91
111
214
127
298
222
271
61
76
82
157
118
232
294
43
110
81
153
211
254
187
340
58
63
106
187
288
134
178
84
176
365
173
1217
1520
1759
1864
233
208
635
261
339
61
150
168
188
222
584
770
818
1667
1774
1818
1987
2126
2191
2239
2284
2357
2395
2604
2665
2788
2908
3042
3305
3342
351
82
374
815
937
1009
1932
110
125
416
466
136
99
81
204
86
219
116
529
134
47
79
22
23
106
154
93
312
350
77
148
109
142
232
357
525
599
458
495
561
617
79
125
79
107
153
81
56
163
502
550
650
721
784
838
941
999
1087
1654
2061
2376
2403
2561
2674
2812
150
297
362
86
242
384
418
303
402
245
382
592
632
742
77
181
445
612
825
852
911
952
984
1045
114
574
719
779
103
106
226
463
68
149
86
278
40
83
242
200
1141
1199
130
192
423
538
81
300
333
418
464
588
618
749
831
911
1183
1213
1256
1284
1435
1804
2000
88
123
173
245
319
339
771
824
941
1037
1092
1145
1209
1246
1305
84
114
219
89
158
37
99
117
50
159
478
659
781
806
845
924
1022
1197
2052
2097
2588
2635
2892
3108
3141
3302
3428
3573
3687
3768
3828
3857
3886
3914
4023
4105
4186
4242
4513
4559
5063
5384
5584
5654
188
78
268
311
479
608
701
750
31
117
159
233
270
126
53
119
145
118
67
82
200
27
223
254
391
456
57
170
219
74
96
126
270
458
80
53
329
73
152
86
44
92
94
156
77
67
87
71
147
239
296
350
209
256
138
328
364
397
286
392
167
162
270
66
36
63
90
121
58
72
109
150
198
324
419
475
90
127
79
84
71
107
100
291
136
33
74
92
670
718
776
899
1026
1160
224
310
347
453
416
182
141
67
431
291
339
420
472
601
41
39
111
215
96
138
159
206
173
205
261
98
223
143
264
124
52
122
157
133
128
56
57
54
82
161
341
149
127
108
174
259
304
370
361
87
198
162
339
414
226
434
461
554
628
766
862
917
1011
144
313
461
756
849
1021
1141
1262
1472
1642
1912
1969
2057
2177
2386
2634
39
81
112
289
134
68
70
206
325
172
340
128
181
217
235
326
385
416
491
592
657
708
84
149
185
69
570
91
140
329
136
248
376
515
556
80
211
452
548
101
139
177
201
294
318
348
671
65
103
219
261
86
166
182
282
390
240
269
538
301
560
447
83
137
204
226
192
282
321
79
163
248
94
66
57
147
256
290
339
297
413
97
154
244
332
453
572
667
107
164
107
170
199
265
452
515
618
155
232
445
535
486
832
102
121
99
103
89
168
50
88
85
260
194
285
333
465
1078
37
172
391
518
546
622
194
452
123
133
123
168
447
486
187
284
341
441
139
70
259
108
61
234
111
78
112
140
107
253
333
122
171
356
458
594
750
71
123
168
110
241
301
381
486
545
942
1105
54
123
206
305
355
378
452
488
536
215
343
398
588
639
681
719
803
61
398
925
985
1669
180
245
158
577
630
791
974
160
119
202
1083
318
659
686
2247
1276
1318
1414
1565
1909
2061
2095
2231
2313
2659
2751
3179
3303
3595
3677
3758
3910
4015
4256
4692
5060
5141
5921
5968
6130
6448
6523
6644
7085
7510
7589
7709
7859
7987
8036
8091
8348
8607
8965
9025
9307
9491
9753
10005
10097
147
112
205
226
126
181
296
515
552
590
844
51
60
34
49
101
102
100
96
93
82
43
35
63
45
41
49
131
96
55
55
91
572
1014
1137
1223
1500
1550
1642
1695
1759
1862
1997
2067
2113
2160
2197
2284
2367
2401
2477
2809
2849
3048
3695
3765
3978
4042
4128
4195
4340
4401
4440
4582
4610
117
143
196
222
274
306
410
436
462
514
566
618
644
670
720
732
744
769
806
830
842
866
936
960
1010
1034
1046
1094
1106
1118
1190
1202
1262
1274
1344
1422
1474
1500
1552
1578
1604
1635
1661
1687
1713
1794
1846
1872
1898
1997
2023
2049
2075
2153
2539
2575
74
170
196
222
248
274
300
326
353
379
108
55
106
757
785
912
2638
2721
8528
8927
9638
9690
9743
9862
9888
9914
9940
9966
10056
10084
10224
10277
10427
10559
10609
10659
10711
10761
10816
10870
10924
10976
11096
11586
11938
11966
12008
12046
12080
12116
12146
12259
12627
12682
12971
13009
13044
13085
13127
13372
13478
13885
13949
14012
14074
14130
14195
14266
14329
14384
14433
14488
14545
14603
14663
14721
14800
14853
14903
14953
15001
15120
15153
15209
15267
15327
15355
15455
15543
15629
15682
15730
15776
15823
158
389
884
1053
1077
1101
1126
1151
1175
52
49
969
98
149
99
145
197
225
249
315
352
378
401
421
443
463
483
502
521
541
563
602
630
658
677
698
735
761
784
808
830
852
878
898
918
938
959
981
1016
1044
1072
1091
1112
1149
1175
1198
1562
1635
1791
1851
1905
1923
1943
1963
1983
2003
2025
2047
2069
2090
2120
2150
2180
2210
2240
2270
2300
2330
2377
2405
2433
2610
2634
2678
2701
2814
2842
2879
2921
2943
2993
3025
3045
3082
3108
3131
3151
3175
3194
3214
3233
3253
3275
3325
3509
3537
3572
3600
3628
3647
3834
3900
3921
3941
3978
4004
4027
4047
4067
4094
4153
4193
4240
4260
4288
4392
4464
4494
4514
4607
4718
4827
4875
4906
4932
4951
186
386
587
165
259
47
79
116
224
304
292
464
584
690
936
48
238
459
154
6512
6743
7264
7291
85
117
142
184
97
139
190
332
856
902
156
154
165
326
477
709
45
49
70
98
110
135
63
137
57
99
133
114
113
32
132
176
37
54
110
203
288
385
646
275
826
67
127
86
150
713
811
886
952
129
103
158
384
432
576
654
787
160
100
232
309
434
167
259
398
435
367
127
186
139
111
436
705
241
215
135
344
637
138
130
108
414
441
672
215
197
234
150
346
579
328
417
538
554
124
103
214
86
207
93
134
116
751
844
139
190
270
108
137
28
55
88
135
199
371
410
48
76
85
140
49
315
55
84
145
121
112
98
133
196
236
318
93
143
132
193
303
112
321
353
390
46
129
147
136
65
106
177
272
379
77
176
300
384
491
58
83
217
245
318
375
474
508
78
116
185
26
173
248
611
800
940
58
49
69
126
45
337
892
955
1351
1649
100
778
806
61
121
114
71
118
171
209
251
68
103
114
158
225
344
417
493
528
578
633
674
727
767
788
829
882
454
633
891
916
1141
1226
1298
1380
1567
2173
160
332
365
699
1082
1363
1460
1510
339
548
643
1057
1421
1528
1610
1658
1781
2051
2381
2553
127
220
49
77
131
214
248
50
152
210
258
341
63
231
175
163
200
233
295
62
59
99
175
223
289
584
733
876
82
93
121
130
18
112
261
338
108
152
73
48
135
74
72
108
58
70
117
167
147
275
390
466
538
622
703
782
859
940
1026
1112
1198
1284
1370
1442
1517
1585
1663
1751
1850
1996
2160
2322
2526
2773
3071
3301
3516
3642
3768
3878
3954
4030
4090
4314
4388
4470
4525
4655
158
219
529
626
874
208
348
444
343
164
169
182
207
294
331
454
338
378
416
704
975
131
381
579
620
721
91
253
266
444
727
777
131
210
127
98
164
126
285
144
199
59
170
92
253
86
89
313
437
604
673
721
86
166
317
364
580
95
162
119
45
50
112
179
68
74
81
48
188
48
111
197
250
83
286
368
410
548
72
322
725
1018
317
107
118
59
145
259
353
227
261
305
712
872
1281
1325
1580
89
228
58
115
70
141
153
352
667
1008
1272
1571
1673
1779
1892
2005
2106
2262
2407
506
884
929
972
1143
90
62
220
91
115
151
309
600
677
725
1087
1279
1440
1544
1834
1918
1987
150
252
376
524
672
820
968
1086
1173
1273
55
93
198
386
469
93
58
156
242
278
173
200
83
104
444
480
199
277
355
48
43
69
92
126
96
158
233
300
86
187
252
231
160
63
107
219
259
305
558
1691
1749
198
234
66
64
199
253
362
445
537
619
716
773
127
245
320
181
62
94
58
113
178
397
168
402
455
504
830
1188
1484
1708
1951
189
123
77
275
1793
2102
135
177
262
4416
4480
4543
759
2401
276
551
617
349
154
177
166
178
147
246
462
497
27
216
328
537
672
750
175
222
382
438
448
116
262
287
330
60
160
159
290
581
182
271
322
380
448
76
113
152
315
128
131
84
321
673
215
131
169
350
411
965
103
67
432
637
101
142
190
371
416
175
152
91
76
92
150
199
39
86
82
106
130
74
128
116
81
154
332
217
37
116
284
135
206
332
138
209
135
199
306
127
103
202
349
407
471
605
858
967
1111
1320
1438
1693
1864
1983
2085
2190
2273
2541
2635
711
80
163
92
137
137
594
68
146
174
270
362
422
480
590
100
185
292
357
579
764
845
1197
1416
1449
1475
1577
1631
1735
1826
1875
2264
2368
2614
79
122
68
46
146
157
574
791
858
150
199
123
144
207
277
44
98
110
146
196
181
48
86
130
56
194
92
66
86
173
388
281
421
590
251
267
354
505
670
693
52
365
72
76
117
164
241
396
521
646
707
754
953
141
199
216
333
388
441
498
697
62
44
61
151
610
62
491
960
1107
1224
1390
1628
1904
2036
191
229
253
476
652
39
98
196
246
340
157
180
476
101
146
504
602
133
78
150
307
103
135
627
162
194
248
297
654
738
860
1005
1028
1119
1190
1243
1276
173
1376
2574
284
112
192
142
81
184
238
48
48
46
205
238
288
293
387
424
137
160
146
166
460
486
514
82
122
287
423
504
575
639
932
972
121
557
760
799
942
1491
1698
2235
95
294
361
700
945
1200
1237
1380
1535
1781
1890
1983
2093
63
390
423
718
868
979
1091
1313
1340
1574
1913
1980
2053
2073
2337
2465
2849
2957
3690
3707
3742
3971
4092
4428
158
67
131
210
311
395
423
554
678
799
818
895
1095
1141
1230
155
86
118
116
195
58
87
96
225
92
133
240
74
173
344
450
503
795
828
243
97
257
64
133
132
336
415
118
161
182
539
617
842
64
126
75
146
408
114
136
217
239
327
426
534
555
637
686
746
772
847
909
932
954
978
1000
1084
1115
1150
1181
371
167
193
387
211
380
473
50
78
152
204
83
95
56
68
112
142
32
71
68
78
47
63
77
119
178
355
407
552
613
263
373
543
609
186
212
477
105
160
127
363
397
571
676
84
354
412
572
769
101
205
141
312
342
36
115
82
220
346
128
73
132
77
105
69
76
166
161
68
198
231
90
70
41
447
497
111
78
210
305
154
139
568
109
295
329
168
87
108
165
213
382
48
96
178
218
263
74
59
55
83
111
140
169
100
168
90
113
54
130
199
273
341
425
518
573
662
723
65
44
91
134
923
1059
1134
44
48
78
506
109
171
217
232
91
80
104
259
340
409
717
50
50
117
168
297
418
456
502
669
78
108
67
122
366
454
156
86
120
95
52
125
166
223
358
432
92
304
461
85
161
206
279
371
460
491
540
696
738
793
972
997
117
213
88
82
128
45
49
102
158
214
157
594
872
118
301
368
505
598
657
114
240
498
795
73
51
44
70
73
60
125
199
340
527
558
612
112
594
87
38
117
59
51
127
230
278
315
367
405
434
481
554
623
644
698
809
891
985
1121
1276
70
288
172
39
49
240
381
525
668
780
863
1066
146
188
295
374
63
117
176
59
48
66
127
243
373
42
346
561
626
675
914
1086
1157
1328
1436
1487
136
182
95
86
45
41
24
52
162
169
346
57
66
65
166
222
308
85
127
222
94
97
45
139
174
255
82
177
85
84
556
586
1144
1176
1302
80
167
53
101
67
100
51
65
116
179
415
110
165
97
99
313
428
484
61
86
255
260
325
549
596
641
759
820
193
78
125
560
133
129
67
101
151
159
578
173
474
572
613
681
102
235
296
168
230
294
522
643
730
205
496
634
743
133
144
208
71
45
167
286
112
163
71
165
212
39
69
97
123
149
220
289
381
230
266
345
485
199
292
409
547
156
155
178
355
53
78
116
80
93
81
137
189
258
227
109
18
137
114
47
90
197
472
121
297
81
187
260
404
446
204
237
133
332
431
462
572
111
223
300
100
159
206
411
496
524
596
702
776
848
922
984
1019
1065
1123
1162
61
138
158
96
165
224
115
330
374
438
488
508
566
627
206
285
239
213
327
378
407
43
76
92
136
158
252
493
34
80
112
193
53
102
69
1347
1405
1589
1777
1867
1928
2106
2439
2720
2808
2899
3615
3886
4052
4145
4307
4527
4549
114
190
275
301
373
508
190
254
283
631
72
168
161
132
269
385
492
566
681
712
113
155
275
394
101
168
247
94
515
540
943
51
100
189
69
569
799
858
81
90
160
307
412
491
602
678
117
244
567
157
196
36
62
88
114
140
166
194
224
254
280
306
332
358
384
410
438
468
498
526
554
582
611
637
663
689
715
741
767
793
819
845
871
897
923
949
975
1003
54
190
227
125
230
78
166
205
359
442
77
174
32
60
88
80
455
75
95
236
207
249
334
409
489
513
678
726
859
893
938
1040
1199
1267
1342
1392
1432
1654
1704
1763
2107
2466
2531
2635
118
142
220
340
359
480
549
597
651
694
790
226
137
157
219
432
678
761
836
907
999
132
240
143
33
149
196
47
97
204
78
100
233
330
469
68
80
114
97
233
112
324
45
54
221
276
58
112
153
48
40
93
120
181
256
95
194
166
121
185
42
91
216
308
366
423
188
34
89
174
193
248
320
65
162
102
118
143
263
157
136
301
129
188
375
605
666
685
800
93
78
134
178
426
553
692
100
189
262
363
108
149
178
285
457
543
104
182
180
108
250
58
115
59
89
139
210
96
96
99
159
215
89
92
241
301
153
232
300
431
106
199
292
131
142
170
211
329
406
529
704
745
825
234
383
489
80
174
64
112
90
87
105
161
110
140
184
444
415
144
272
119
301
108
146
121
152
246
182
242
536
204
119
287
315
351
51
98
126
70
95
92
140
193
40
223
293
157
63
176
245
152
46
96
129
46
80
89
35
160
201
446
131
221
307
181
88
162
234
118
86
177
215
85
115
98
369
544
328
642
705
139
185
278
357
70
99
145
184
166
244
48
81
194
815
1174
1505
616
677
765
869
1169
1403
1513
1576
202
337
467
592
64
104
57
137
218
590
199
237
69
108
100
60
85
263
54
315
474
611
746
959
1079
93
96
105
283
303
478
591
850
166
40
198
228
306
387
250
488
613
697
720
825
63
92
324
498
121
132
51
225
472
385
132
79
68
370
69
97
121
143
189
213
272
317
355
543
294
345
156
249
305
396
75
216
65
237
333
97
417
454
71
80
77
14
82
1416
1432
2297
2346
2390
1153
1624
1949
43
287
828
42
42
86
120
187
125
179
193
535
625
757
899
979
1146
1416
1496
1633
1709
180
232
410
515
541
576
668
686
705
741
771
792
812
844
910
933
954
976
1019
1051
1071
1091
1111
1131
1171
1194
1212
1235
1307
1331
1355
1424
1668
1726
1756
1856
1892
1921
1949
1977
2065
2132
2166
2200
2234
2268
2303
2338
2372
2408
2443
2478
2512
2546
2580
2614
2647
2681
2715
2749
2783
2817
2851
2887
2923
2959
2995
3031
3067
3104
3142
3179
3215
3251
3287
3323
3360
3398
3435
3472
3509
3545
3581
3617
3653
3689
3725
3761
3797
3834
3870
3906
3946
3983
4021
4043
4064
4085
4157
4175
4195
4219
4243
4523
4551
4581
4624
4648
4671
4697
4719
4743
4792
4841
4871
4901
4941
4989
5019
5052
5090
5128
5182
5208
5232
5256
5282
5309
5335
5448
5502
5548
5574
5598
5622
5650
5683
5707
5834
5889
5921
5940
5989
6036
6071
6097
6129
6158
6188
6219
6436
6462
6489
6514
6540
6563
6582
6610
6664
6719
6762
6794
6837
6877
6935
6993
7047
7104
7164
7222
7274
7328
7382
7436
7492
7583
7655
7695
7723
7745
7779
7807
7830
7886
7942
7983
8025
8072
8100
8148
8215
8293
8340
8394
8448
8523
8540
8560
8583
8601
8666
8758
8852
8897
8941
8971
9018
9051
9074
9170
9219
9296
9316
9336
9359
9381
9455
9503
9524
9544
9629
9695
9726
9756
9808
9882
9906
9934
9981
10042
10103
10160
10186
10204
10222
10242
14
87
159
49
214
259
309
826
996
1066
273
334
83
165
199
115
43
98
182
306
387
959
1845
153
227
293
343
249
319
89
156
566
664
805
877
108
133
250
83
213
68
252
438
785
881
942
979
1046
1099
291
373
569
683
89
203
83
105
173
117
347
353
403
655
258
318
379
852
977
1824
1945
2399
2555
280
754
883
1213
1334
1788
1936
329
52
96
121
586
727
196
308
413
507
534
93
119
250
308
374
440
506
572
638
704
70
125
192
238
279
383
459
534
605
695
795
927
1029
1111
1171
1276
1412
95
252
334
415
487
559
633
79
120
184
42
73
143
192
235
297
315
343
498
189
281
222
295
60
228
188
273
172
228
392
910
1073
998
1168
61
131
188
235
166
276
339
92
270
58
257
550
71
223
526
871
148
217
192
89
153
227
542
666
814
993
99
356
398
592
646
675
699
730
1160
1263
1316
279
103
133
105
222
281
332
368
447
493
249
325
539
569
714
750
835
1056
1123
1179
1257
1420
1494
1596
1675
1769
1883
1979
2068
2189
2273
2327
2918
228
403
521
721
862
1311
1697
1738
215
615
664
692
821
1094
1178
1252
1402
1580
1843
2039
163
411
649
906
934
1051
358
475
536
618
703
82
567
739
858
700
388
536
592
977
50
119
132
62
83
116
92
212
128
58
89
152
280
135
396
115
369
528
1007
257
315
348
421
66
104
52
56
110
64
93
122
58
88
93
130
77
99
78
271
655
81
44
59
112
143
154
202
333
63
102
56
43
76
115
119
114
199
292
371
554
670
985
1455
1532
91
184
386
471
897
136
168
59
83
180
448
642
136
221
299
376
625
110
141
82
117
148
137
169
118
149
266
569
75
242
545
154
257
665
787
847
209
311
360
480
630
702
759
92
154
216
321
386
467
550
600
66
204
125
1321
1526
1659
2027
2140
64
129
184
369
837
1123
1852
1952
2297
2320
2430
2488
2610
2917
201
401
67
76
81
111
133
177
90
78
103
119
94
116
94
59
87
66
86
93
192
190
457
528
623
667
759
852
1157
1364
1426
1531
1566
1950
2093
191
367
393
460
96
53
43
131
203
55
117
156
371
57
64
154
183
173
78
44
146
379
82
108
129
161
54
412
228
84
176
270
681
48
166
83
280
337
440
546
595
620
661
744
897
927
949
974
111
64
86
120
93
172
117
156
259
302
336
362
44
79
120
445
598
767
157
437
76
153
186
152
179
322
370
89
251
34
88
118
138
36
90
119
150
34
36
135
167
188
33
74
40
96
126
38
94
124
36
36
154
32
76
32
76
91
271
345
143
98
116
59
279
82
120
176
87
141
248
371
500
766
1086
1247
1494
253
337
406
74
177
264
117
148
59
90
232
125
89
36
131
155
54
125
238
292
112
155
262
314
206
266
98
118
161
294
545
606
871
116
223
287
356
128
76
104
144
294
107
139
47
117
73
95
57
241
292
495
106
268
303
35
36
174
73
179
184
72
108
76
219
241
268
383
478
102
122
44
234
331
434
562
899
1073
1110
96
136
173
210
273
345
435
595
842
145
82
112
187
388
47
44
61
113
168
213
63
77
107
184
107
156
73
43
84
87
118
70
51
116
61
75
98
135
253
63
316
545
677
1024
1264
1682
1726
2160
2459
2906
3374
3915
4590
4704
4826
4862
4900
5037
5188
5222
5269
5552
5827
5912
6252
6294
6382
6418
6474
6657
6674
6777
6860
6995
7040
7134
7482
7646
8251
8334
8544
8582
8620
8660
8699
222
78
213
464
190
76
119
42
102
182
79
101
76
111
164
216
189
263
39
107
157
94
202
465
674
702
744
780
921
1047
85
164
203
321
74
152
189
126
167
205
64
103
191
226
113
40
169
189
316
405
459
98
76
218
336
383
508
586
655
753
795
895
954
1202
1289
1357
75
177
65
362
435
564
685
771
871
917
997
1097
1315
1611
598
193
178
372
487
542
626
788
848
925
1011
1174
1256
1320
1418
1477
1805
2084
2215
2828
2871
2915
2961
3007
3373
3523
160
164
267
219
90
88
111
200
322
147
214
249
341
425
628
703
809
63
101
175
257
334
384
460
541
605
672
722
778
841
54
102
150
242
271
323
376
90
29
304
69
92
180
212
89
184
96
168
109
163
234
291
138
416
485
210
345
538
642
770
64
114
248
411
727
134
127
155
202
122
201
369
526
548
619
647
693
718
786
850
924
993
1017
1036
1082
1129
1172
1235
58
83
134
77
88
267
81
49
89
132
98
87
141
383
1507
282
149
360
418
508
1065
1401
1588
1678
1785
2007
2125
2156
2268
2933
3220
3857
4130
4526
4912
131
68
101
267
325
350
63
86
179
217
335
46
83
72
93
71
40
54
90
36
63
89
115
142
53
51
49
65
151
92
104
77
105
210
430
56
47
216
289
332
599
1087
1102
1142
1167
1274
1311
1351
1408
1429
1479
1576
1692
1871
1922
86
141
156
87
184
183
406
448
529
99
674
168
386
622
120
171
205
227
278
337
473
653
681
802
907
1115
1206
1384
1547
1663
104
150
131
169
215
611
39
149
183
259
334
486
104
272
348
440
1496
1769
215
249
740
387
715
47
109
169
186
371
409
581
879
1223
1516
150
193
136
176
195
215
239
255
79
188
213
503
130
273
77
376
68
299
358
480
1224
1247
87
201
451
555
659
259
445
522
227
456
491
546
66
401
236
291
371
215
24
52
78
359
30
89
205
25
125
359
682
787
297
107
40
74
155
184
236
173
118
149
385
509
539
631
768
1312
1358
1617
1656
1731
2033
2148
63
182
135
778
866
927
1164
1185
78
146
80
137
220
266
297
96
231
259
310
364
77
73
270
349
383
1342
1364
1437
466
591
678
782
922
1061
1154
57
96
127
158
198
233
312
63
46
130
97
177
60
141
195
159
221
296
343
99
145
184
193
111
383
59
103
938
64
72
151
109
386
497
752
797
840
933
1057
70
67
76
117
142
233
260
435
513
540
683
705
1665
89
380
572
64
68
96
170
242
450
575
171
366
3173
3545
3617
3680
3799
3982
4166
4314
4347
4413
4616
4786
5083
5206
5279
5408
5689
123
59
196
1425
1828
1983
2078
2323
2464
2543
2558
90
182
56
816
1095
1130
1159
1304
1341
1364
1406
1433
1550
1576
1602
1637
1773
1853
1975
2162
2182
2198
2257
122
170
297
315
333
379
419
446
211
250
332
410
540
206
89
108
115
137
111
133
881
113
117
233
257
385
434
494
581
75
75
105
139
199
245
269
287
311
364
394
425
457
555
605
657
708
804
857
901
955
253
269
960
1216
1352
1399
372
406
432
453
789
897
987
1061
1123
434
197
245
311
659
146
192
71
148
857
1129
1212
1613
1663
1949
127
371
554
130
101
124
222
180
114
192
608
73
96
117
150
221
276
135
174
367
460
81
132
199
281
238
321
253
325
406
435
501
591
709
849
946
1035
1151
1232
1285
1545
1614
1703
1775
1875
2010
2061
2168
2193
2257
2296
2354
2513
2614
2652
2680
2745
2811
2857
2926
87
243
748
1182
1415
1579
1794
1898
47
647
715
323
506
98
110
41
727
1039
1075
1270
1300
1330
1530
1908
1953
2054
385
419
466
510
688
816
860
1514
1643
1784
1802
1826
1850
1886
1915
1980
2114
3517
3545
4018
4187
4226
4277
4318
4433
4483
4638
4755
4873
5526
5668
5807
6071
6250
6564
6635
6942
6985
7026
7156
7194
7233
7273
7308
7348
7401
7443
7487
7524
7554
7584
7619
7677
133
164
192
220
247
280
547
583
629
705
739
774
808
844
888
964
1010
1111
1293
1336
1418
48
76
39
39
66
96
112
143
201
259
317
39
66
96
112
41
48
81
358
524
546
88
249
301
433
498
542
612
650
710
831
76
103
79
209
289
344
190
299
343
404
482
585
58
941
974
571
1027
1350
1402
1454
1556
1584
1616
1642
1693
1724
2756
124
158
178
182
337
410
439
53
119
158
217
126
102
164
201
315
417
376
566
162
145
140
331
184
129
237
449
160
449
772
818
1101
1218
86
37
85
335
43
89
131
200
233
406
440
466
136
218
40
77
90
367
495
43
461
792
1308
1743
1926
422
470
154
186
299
186
270
320
365
152
111
345
380
457
64
33
48
146
178
126
115
393
514
548
91
103
141
322
405
83
101
158
55
87
96
786
873
904
1018
1330
1785
1880
2015
2213
2272
2363
60
115
265
552
304
672
1039
1156
1217
1248
116
153
113
176
85
77
102
54
77
86
162
280
315
70
122
59
66
206
276
342
143
191
250
320
118
105
42
45
77
113
155
189
82
152
202
237
153
210
254
312
82
46
80
87
142
288
782
1068
1206
1341
1546
282
326
589
679
706
750
804
954
1085
1196
265
371
37
83
38
238
358
65
93
122
150
81
136
156
125
209
70
129
222
52
71
166
30
54
206
225
319
224
330
108
148
199
153
308
203
171
327
313
67
99
208
256
460
185
287
349
477
564
70
245
306
412
486
615
705
63
134
186
234
305
90
113
184
64
332
124
120
164
163
195
253
241
307
57
70
111
280
145
103
292
106
303
537
326
562
240
478
103
97
195
50
86
244
616
1038
282
183
145
275
407
695
57
169
208
72
111
97
188
228
166
215
138
269
89
71
291
494
216
141
82
36
147
147
229
211
322
150
211
52
86
210
264
85
212
90
197
48
65
93
158
184
245
73
123
160
197
137
161
181
71
80
34
58
137
167
200
65
154
270
319
451
128
143
368
447
611
870
1078
184
512
692
764
831
494
207
114
268
182
56
135
52
157
145
454
546
722
94
74
103
231
292
431
501
557
662
260
520
611
700
832
942
980
1074
1128
1180
1296
1349
1529
1687
81
87
54
56
279
410
104
150
76
144
220
146
68
88
135
57
477
74
114
151
213
299
369
434
486
536
612
683
718
302
401
433
501
526
66
46
72
115
166
243
338
477
567
652
734
832
896
969
1020
1084
1130
1427
496
689
41
187
123
99
215
295
516
342
394
792
1216
163
182
212
253
189
259
302
342
399
313
571
941
151
87
319
576
743
372
427
575
956
1397
168
187
217
263
100
128
170
193
215
116
230
91
46
106
95
92
84
756
162
100
181
428
458
506
193
296
397
530
572
254
523
675
736
930
1176
63
105
178
268
202
334
947
974
1288
1404
1698
1897
1935
198
226
330
456
509
579
627
157
52
95
148
38
41
143
176
310
81
100
168
216
266
143
197
480
553
894
1054
1095
151
128
247
291
353
118
267
183
430
98
142
91
136
174
219
269
320
172
237
303
46
69
211
314
347
423
501
589
690
720
747
820
852
922
957
1043
1244
1407
1484
1683
1783
1883
1981
2086
2355
2677
2987
323
386
414
556
793
46
39
70
86
149
219
289
328
80
228
336
485
560
256
491
880
114
472
498
69
123
129
168
50
101
274
355
434
501
594
344
563
638
1298
1386
1610
59
120
417
1033
96
194
229
132
296
129
153
491
599
2036
2055
2075
2160
2203
2344
164
98
104
197
284
307
345
431
54
160
172
100
130
160
186
206
144
185
748
108
291
47
68
89
115
135
155
175
81
125
146
271
52
135
196
337
54
270
361
96
129
91
122
51
508
342
715
193
43
131
275
462
542
605
78
123
70
235
111
172
214
76
49
106
134
41
174
235
316
36
63
91
118
145
171
197
223
250
277
303
329
356
87
123
254
376
479
675
728
814
920
113
154
86
111
195
252
307
145
197
155
259
402
49
113
178
273
424
442
467
104
174
193
414
659
1821
2251
2287
2683
110
110
138
241
276
287
243
480
285
40
78
247
77
129
293
463
130
219
254
84
179
269
280
57
117
71
64
41
39
69
325
519
590
664
161
188
241
310
146
51
71
109
149
72
44
231
614
857
152
167
225
65
298
374
67
37
73
199
451
660
756
91
88
151
83
170
396
77
189
240
98
178
135
171
566
144
179
733
231
344
369
480
512
575
654
917
1083
1270
1310
1407
205
498
553
182
211
264
375
330
386
472
585
624
793
907
306
453
594
626
693
818
857
911
1153
1235
1360
1465
1624
1724
1912
2050
2101
174
101
160
179
400
500
141
224
364
221
168
165
71
315
419
41
96
139
177
104
421
98
70
420
517
781
205
270
365
448
533
824
874
253
52
72
162
182
328
146
213
109
333
431
459
523
564
756
162
408
43
187
113
233
321
356
125
582
692
850
913
109
77
285
323
87
133
54
94
145
75
136
192
221
81
101
76
124
63
153
108
306
56
66
66
71
58
62
70
71
68
141
199
256
332
365
392
423
473
91
88
132
73
102
140
87
121
205
283
358
80
94
120
169
214
107
106
331
105
163
273
405
205
317
99
162
126
111
142
84
177
263
407
567
710
830
914
985
1068
1155
1297
1402
1505
66
58
117
325
45
83
113
143
185
235
193
193
727
324
56
95
182
246
317
555
310
516
1405
1505
1744
1946
2123
2148
2348
303
184
220
272
310
347
382
445
530
560
604
661
735
794
836
932
962
994
1113
1169
1264
1355
1385
1471
1519
1550
1648
1692
1885
1921
210
326
42
69
192
273
96
260
374
557
687
802
834
915
987
1095
1156
1224
201
210
249
38
72
98
124
150
176
202
228
256
282
310
338
52
77
203
288
220
271
298
96
128
313
201
89
108
161
59
297
513
117
229
270
589
665
115
199
59
105
103
44
73
93
174
179
327
105
99
139
64
126
296
323
96
49
88
291
229
412
462
89
207
264
69
132
53
138
199
90
681
757
949
524
615
655
691
808
46
110
92
148
31
57
105
209
110
201
293
426
519
661
186
180
431
716
840
921
1176
1228
1529
1601
1633
141
75
124
76
93
125
163
63
61
166
86
95
110
135
165
132
82
118
144
212
39
57
42
46
209
592
59
58
84
116
135
155
170
264
285
488
510
532
552
572
598
642
680
698
86
179
67
91
129
188
224
280
52
146
85
146
48
74
52
78
104
129
215
61
79
93
208
57
63
110
167
84
103
75
79
119
99
206
292
199
114
173
47
91
708
902
1142
1186
35
51
37
60
158
219
280
176
249
55
133
181
205
237
268
302
160
314
336
390
463
589
614
111
156
219
329
391
204
550
626
643
662
938
1148
1320
1720
1866
2066
408
470
721
854
1167
1285
1333
440
837
2910
2943
2973
3284
3404
3835
4050
4068
4089
123
264
327
510
509
906
179
244
103
187
132
67
48
144
172
150
272
78
53
80
103
144
107
42
103
82
143
82
54
66
445
93
108
231
73
246
379
419
748
994
1096
1311
192
324
550
621
704
888
53
174
83
225
241
75
95
56
108
108
90
66
387
412
505
604
198
54
93
65
42
253
613
666
1010
1257
1407
1755
1887
2191
2338
2448
2512
2619
2694
2778
2990
185
326
518
566
148
204
517
587
825
1144
1225
1294
69
136
217
288
368
478
509
536
630
702
747
790
77
106
130
51
181
213
205
277
823
112
259
307
329
24
50
107
63
246
319
80
126
177
289
81
148
131
118
102
309
418
62
77
92
113
53
106
135
168
202
241
109
70
318
473
633
198
59
94
152
307
234
50
122
173
141
70
108
114
190
250
299
457
512
48
144
197
353
537
600
641
727
757
106
76
85
123
177
223
304
386
438
488
58
130
173
247
324
69
43
278
100
216
326
46
82
157
398
77
422
168
249
323
81
147
275
73
80
129
226
106
312
257
286
312
343
778
1531
1715
1733
1751
1927
57
131
51
111
90
103
135
214
126
187
41
156
124
174
46
144
203
265
325
360
393
421
609
742
74
153
105
182
80
316
411
567
665
776
875
1596
1665
1761
1928
1997
2160
2206
2265
2349
2427
2546
2611
2680
2746
2816
84
125
99
79
156
162
122
213
293
324
361
401
433
212
323
51
186
326
353
580
756
118
63
159
409
497
153
164
325
529
627
686
171
215
74
163
385
721
815
70
205
236
68
137
72
112
381
204
82
53
70
38
96
81
480
547
113
427
495
292
374
567
84
120
212
354
86
448
722
332
384
209
119
138
64
83
188
303
138
185
350
54
79
645
951
1083
280
296
88
163
328
70
122
78
130
134
71
92
162
206
71
161
226
415
635
692
170
330
472
714
150
91
39
44
282
316
438
1281
1409
2042
2818
109
416
74
217
89
656
938
1210
1397
2587
2775
3036
3268
433
462
499
536
579
50
235
87
201
106
230
58
137
179
156
194
107
232
111
190
280
95
111
216
136
174
316
425
592
828
1062
1885
2089
80
1029
1403
100
175
61
187
138
191
45
159
174
95
120
154
117
92
117
135
56
75
239
281
322
596
1257
1312
1426
1612
1721
1917
2068
109
80
122
183
252
402
448
97
62
691
132
76
107
248
360
453
745
69
58
274
594
697
60
121
94
146
417
54
60
86
163
56
44
149
92
189
112
98
101
96
56
101
128
277
61
299
77
90
127
252
38
90
80
105
291
337
407
471
494
585
741
772
881
903
942
1007
1089
1105
1167
1291
1362
1678
1760
1811
1873
1945
1960
2213
2255
114
113
143
173
202
276
302
323
369
401
692
934
956
999
1022
1052
1082
1112
1142
1166
1193
1217
1241
1265
1289
1314
1338
1364
1388
1412
1436
1461
1484
1507
88
160
187
87
79
118
83
246
282
76
102
149
209
271
52
198
70
525
111
196
239
78
189
227
305
459
492
619
121
187
128
173
196
106
45
104
167
54
135
138
116
251
396
92
164
135
155
209
257
302
127
138
360
227
83
237
345
474
554
626
87
210
118
152
462
198
250
550
604
140
236
354
39
255
306
423
526
63
406
939
1025
1245
1376
1759
2006
2066
2202
2455
312
342
454
571
675
919
975
1141
1319
1735
45
184
552
829
1030
1182
113
244
330
103
212
295
414
760
793
956
1132
196
448
525
141
226
123
190
151
258
298
145
46
565
97
43
265
401
499
336
370
96
145
375
459
100
92
44
30
88
442
468
504
549
582
721
806
916
1090
1725
2087
2134
2189
2245
2330
2405
2446
2645
3152
3231
156
196
121
156
180
236
310
108
293
67
55
280
69
119
149
308
133
172
182
223
281
361
568
618
728
51
58
255
77
93
128
106
84
409
496
140
227
320
397
74
100
159
96
134
176
226
275
320
435
66
172
117
168
174
85
135
88
45
34
98
200
110
585
71
108
212
142
75
78
94
171
188
255
302
658
256
122
239
209
85
161
75
94
74
206
287
223
40
142
199
68
190
336
354
434
547
617
108
69
153
41
58
133
59
74
123
142
245
134
342
397
138
88
72
187
89
37
109
38
102
178
98
148
196
220
333
382
452
556
628
673
696
761
812
972
1049
1134
1260
1287
1390
1441
1493
1546
1760
1791
1836
1921
1973
2019
2093
2146
2209
2308
2400
2465
2985
3027
3075
143
212
231
249
168
226
285
220
60
105
129
152
185
243
291
189
101
133
61
103
153
79
111
185
261
292
403
151
229
250
416
463
270
584
62
93
153
95
121
60
136
161
108
727
978
580
109
87
60
144
224
349
442
735
860
936
964
1103
36
62
88
114
140
166
192
218
244
270
296
322
348
375
402
430
456
482
508
534
562
589
617
643
690
126
176
490
54
92
137
18
18
91
731
256
327
70
92
48
77
570
58
133
180
86
90
49
126
81
138
199
199
347
703
204
231
459
659
1085
55
88
115
192
228
416
473
495
63
187
73
233
403
475
161
102
40
108
71
40
61
29
143
80
148
50
43
125
446
542
149
265
111
266
399
122
160
195
293
382
443
164
184
566
163
162
100
368
111
56
120
142
165
82
62
245
609
822
882
57
59
64
58
52
51
58
885
1130
1150
1170
1190
1230
1250
1277
1336
67
119
187
274
380
472
562
637
692
742
1145
1536
122
108
152
126
544
169
230
311
333
764
784
872
1040
1061
1121
1141
1161
1202
1222
1253
1269
1299
1315
1331
237
249
177
306
634
126
98
143
37
60
173
197
144
204
230
339
358
658
730
757
71
386
477
206
139
359
372
374
411
254
121
102
157
48
187
419
515
560
648
115
97
186
241
161
65
141
182
227
395
621
687
341
43
64
162
120
151
258
160
114
64
76
56
71
55
105
126
58
67
91
58
66
94
196
107
558
606
51
121
171
249
314
362
535
69
244
60
63
338
68
149
199
232
73
99
169
288
414
250
437
610
50
396
141
179
99
108
431
482
569
783
840
993
1160
1201
1539
1735
1800
1837
1902
1939
2026
2063
2127
2196
2263
2349
2410
2473
224
279
330
80
165
199
237
275
313
351
389
427
463
521
936
1163
62
107
123
455
179
223
116
146
238
434
74
47
67
85
39
63
451
487
218
201
194
224
263
84
85
252
62
145
136
187
131
161
224
407
551
116
115
174
272
147
63
103
55
94
366
224
281
331
55
118
85
113
51
81
218
437
508
532
25
123
219
256
329
407
106
189
240
102
45
129
218
253
190
57
71
85
244
172
278
113
357
186
567
696
1007
1163
105
149
160
237
513
715
173
637
292
472
589
708
302
36
134
261
292
435
530
606
693
881
956
1001
1064
428
474
695
805
91
177
60
164
366
93
123
107
187
93
68
115
147
224
251
280
304
325
346
371
439
455
471
487
503
519
540
565
589
648
82
119
183
167
223
253
322
347
374
394
411
79
47
58
46
30
38
45
48
56
60
74
127
204
273
357
467
544
586
740
925
1012
1085
1272
1331
1378
1409
1437
143
53
131
514
741
233
114
323
485
228
122
55
63
104
113
145
227
345
96
87
257
48
111
97
240
86
283
83
168
246
105
163
244
156
131
129
226
271
309
380
429
456
539
390
211
272
82
164
74
113
161
93
701
756
100
171
222
115
429
474
580
598
635
92
122
156
389
434
487
67
164
94
101
98
54
45
129
212
117
154
294
377
399
502
44
73
57
453
625
59
73
40
34
95
50
83
134
68
121
330
453
531
561
953
1179
92
147
200
604
180
55
91
115
223
188
156
36
94
128
162
247
311
232
72
117
209
286
305
44
71
66
414
471
84
103
144
323
73
163
371
63
114
126
82
130
73
98
246
285
110
126
188
262
488
592
1132
1169
1244
209
525
96
229
255
277
299
96
129
483
74
78
401
193
247
299
388
569
719
121
93
149
210
163
119
129
202
112
189
142
141
66
140
317
149
120
166
139
185
320
425
522
123
59
64
100
233
268
128
168
301
133
144
94
176
229
254
272
350
510
575
140
220
297
359
160
366
453
1122
1323
1442
1512
105
125
192
272
338
378
418
492
603
679
945
70
113
191
211
92
305
366
154
319
421
482
529
713
94
322
391
453
518
604
51
138
80
41
70
73
104
60
163
224
83
65
166
101
55
91
62
115
164
226
346
421
485
575
723
802
826
1114
104
227
256
94
106
201
275
313
351
76
82
100
120
141
100
133
260
292
72
202
281
235
74
486
705
743
92
40
99
83
114
89
132
173
268
304
151
277
316
153
359
497
628
85
108
214
232
280
326
402
428
579
659
797
879
114
116
167
246
285
429
126
279
618
697
778
902
965
1128
1275
100
125
85
105
62
103
173
245
390
505
569
740
872
932
1046
1077
97
201
581
164
191
222
253
135
169
334
464
890
57
289
378
656
784
139
220
52
187
211
458
69
66
48
104
151
177
208
100
134
61
108
83
166
97
41
44
494
603
119
232
135
259
380
451
684
742
997
1063
1316
1448
106
204
348
495
566
168
310
419
474
555
260
389
97
148
224
278
441
515
174
410
473
570
372
701
783
862
1216
1365
1432
253
47
288
130
295
337
359
84
123
186
100
57
706
830
1105
97
84
89
58
350
414
64
104
181
87
184
187
164
406
454
103
337
446
126
869
923
134
117
178
351
452
564
220
321
489
554
107
84
1121
1242
1338
1613
259
101
132
91
122
832
74
227
265
295
358
415
233
75
576
174
73
172
204
106
122
179
179
119
306
62
76
113
154
202
328
423
475
100
128
91
98
93
73
149
302
619
133
449
173
253
299
432
478
44
120
225
342
46
189
526
634
716
86
147
171
257
346
143
120
150
161
160
62
44
82
120
158
196
334
362
289
420
105
231
211
380
120
152
203
590
89
194
81
165
336
406
102
110
38
95
183
292
310
155
188
216
274
741
164
107
137
183
103
207
168
211
138
244
538
476
950
173
52
92
74
25
144
164
286
364
410
80
65
154
213
108
59
94
156
206
243
105
33
66
58
214
349
67
80
134
75
84
93
148
217
310
96
146
145
265
76
126
185
307
440
495
99
210
408
444
503
202
278
94
77
36
256
183
137
73
50
52
77
90
116
173
208
69
110
153
213
131
170
175
236
315
137
189
246
119
114
203
246
271
55
76
133
205
221
258
117
159
177
195
866
999
1055
204
102
99
183
277
159
223
176
281
487
110
84
202
519
323
244
391
507
624
286
498
596
287
85
151
263
410
95
141
116
147
99
229
289
153
141
68
108
212
70
114
201
127
285
47
173
373
492
594
286
333
432
236
267
376
562
116
458
499
567
607
207
307
327
355
469
145
172
469
70
298
241
1073
1107
1216
1346
1561
717
367
506
558
591
629
667
222
356
63
85
203
120
327
410
453
487
305
773
281
354
486
1020
1168
1422
1855
1937
2033
2220
2393
90
132
179
214
523
164
446
545
636
655
125
233
339
399
422
322
427
119
277
376
282
426
504
533
155
191
107
168
282
112
231
57
357
525
636
720
937
1021
115
89
181
442
118
137
191
577
190
273
336
437
562
625
751
782
940
347
470
538
633
463
522
554
104
161
280
388
413
274
311
664
154
313
574
204
76
76
64
97
156
197
343
363
52
142
98
117
190
218
485
83
151
203
66
123
142
158
246
116
217
335
585
75
295
80
72
75
123
226
62
151
227
303
351
405
530
854
914
970
1067
1218
108
236
212
169
56
59
100
151
191
93
251
57
43
191
239
62
53
83
160
101
153
196
238
331
373
547
588
630
673
715
755
797
839
881
921
1014
1055
1097
1149
1206
1254
1340
1382
1426
1468
1514
1562
1661
1699
1741
1766
1790
1829
1871
1923
1969
2007
2048
2087
2135
2173
2222
2268
77
153
212
197
274
459
526
975
1074
1210
163
83
172
277
303
417
800
863
989
1082
1220
1246
1360
1383
151
143
79
81
150
65
407
467
620
914
1505
1672
2046
2326
2371
2739
2788
2815
59
146
196
247
365
424
484
141
117
238
41
60
109
228
289
53
135
218
300
382
438
501
599
744
808
907
973
1077
1174
1224
1277
546
895
93
187
347
504
581
1192
1248
1406
1530
1612
1688
1783
287
65
50
82
145
193
377
446
267
504
96
120
149
180
214
250
277
300
321
376
212
360
578
638
698
76
95
120
216
237
64
120
137
127
101
146
223
73
102
49
37
367
222
84
87
124
110
74
259
637
733
788
849
880
924
963
41
61
83
54
130
66
164
277
361
66
84
109
138
322
199
56
57
138
117
303
57
64
100
198
350
647
714
183
304
79
188
114
157
93
220
238
68
85
119
139
94
202
294
78
156
178
252
300
371
452
541
51
258
356
62
78
107
224
116
163
209
279
331
35
85
159
101
167
375
152
291
74
93
146
106
197
41
127
66
99
48
121
180
104
137
165
293
471
570
41
189
205
237
281
300
347
518
544
663
759
776
822
1005
1187
1331
1348
67
170
217
245
276
332
389
411
546
572
591
740
54
110
287
431
605
789
831
887
151
343
427
522
586
673
762
857
943
59
175
247
328
406
524
85
148
174
220
325
367
398
434
501
173
155
180
201
161
239
98
178
333
92
224
420
618
154
212
287
83
53
73
100
209
295
56
126
192
262
131
135
280
329
385
507
542
586
846
172
122
148
254
353
169
130
195
219
125
181
213
339
898
1089
1156
56
64
102
139
176
93
137
167
236
201
44
68
45
90
71
116
114
97
42
65
223
64
104
161
37
55
101
139
183
225
271
310
356
120
290
395
564
667
64
96
134
169
209
249
290
331
383
442
506
572
631
692
756
822
881
942
1006
1072
1131
1192
1264
1338
1410
1475
1544
1591
253
214
286
407
518
62
77
108
175
218
79
69
47
71
158
57
41
211
250
287
382
58
87
114
139
164
130
195
219
95
110
72
89
90
118
195
263
276
73
184
190
47
95
336
401
626
694
41
585
813
845
976
1028
1129
1200
1310
1336
1407
87
84
87
279
199
293
341
389
87
188
400
577
1244
54
77
194
228
64
91
111
240
41
38
56
74
49
41
52
71
127
51
89
77
115
192
72
194
65
79
63
177
404
516
598
58
143
242
304
351
428
543
67
114
162
118
508
854
66
89
73
99
128
187
63
87
131
205
89
77
161
150
33
170
441
839
1020
1189
1330
1533
1608
141
288
520
77
121
92
158
134
294
369
446
521
597
672
748
826
903
978
1055
1133
1208
1284
1362
1470
2009
2125
88
153
237
279
343
458
509
615
898
1084
1200
1298
1346
1569
1766
1827
1924
1974
2234
2284
2317
2341
2441
2569
2608
2647
2704
84
229
429
107
146
177
267
292
388
666
1028
1113
1246
69
221
328
397
532
688
849
965
1039
1145
1258
1411
1460
1512
1566
1698
2013
2118
2264
263
178
236
155
318
154
138
539
91
175
212
210
168
187
281
360
480
560
630
688
924
1064
1112
105
229
256
351
90
304
123
235
387
494
604
45
41
53
55
103
143
321
342
130
195
219
70
114
302
328
380
428
41
47
79
41
76
104
179
47
39
44
191
392
572
655
705
788
893
989
47
35
81
261
41
65
132
182
249
50
168
62
123
293
363
444
42
96
149
218
251
267
319
344
382
56
34
56
37
57
103
187
240
298
173
51
200
237
94
130
195
219
80
150
226
336
428
575
860
978
1135
279
77
69
276
439
69
27
157
42
124
172
58
103
120
195
186
326
388
414
643
697
152
150
185
33
88
151
250
322
77
70
91
225
83
172
58
69
237
64
180
85
218
87
222
150
253
366
183
236
271
303
348
134
199
233
261
317
148
92
75
128
241
296
386
95
140
180
236
284
528
84
166
217
201
114
218
389
483
565
648
733
878
139
227
73
126
245
68
98
59
105
53
78
66
41
108
68
111
186
271
366
474
585
693
762
167
224
307
391
475
533
598
698
843
967
1120
1206
1294
1389
1437
490
552
517
133
137
166
46
92
138
182
311
396
430
75
167
207
300
260
112
193
237
76
85
231
309
703
902
931
125
208
93
133
221
70
51
61
105
161
184
290
140
106
184
222
68
144
79
330
92
169
231
306
343
371
398
440
496
528
559
605
139
162
109
89
42
102
124
97
158
200
372
418
533
593
63
100
330
390
600
651
1116
1245
624
73
41
50
82
137
210
268
193
285
227
1100
91
197
379
462
514
175
289
368
409
234
280
343
186
248
379
400
419
685
755
855
975
139
173
197
217
247
347
65
143
303
363
515
615
710
89
43
70
114
51
213
441
501
530
585
712
812
838
139
48
56
99
60
96
60
136
60
136
74
93
305
628
84
126
168
249
403
77
113
165
209
323
336
407
475
494
544
604
771
826
900
959
1014
1050
1087
105
127
180
61
322
57
62
137
106
72
146
68
136
41
143
265
396
136
92
134
66
532
574
616
141
167
54
96
161
41
55
173
208
55
75
60
313
402
36
54
122
115
113
94
132
56
239
305
340
153
175
205
91
84
161
113
68
212
72
128
108
136
162
191
231
408
48
391
133
77
297
88
82
55
624
215
50
83
305
357
63
165
286
71
197
305
381
441
125
28
79
128
75
175
211
236
315
361
410
70
98
139
195
251
317
381
447
511
577
641
708
782
877
47
92
156
218
274
93
187
313
71
62
129
194
256
332
391
460
526
48
92
156
218
215
69
109
167
65
41
121
192
132
349
405
419
65
48
94
144
250
89
172
81
119
177
131
58
165
96
57
86
118
89
62
115
246
712
827
359
423
692
881
1047
1173
56
221
283
351
409
62
91
177
59
236
257
279
319
341
363
385
407
429
452
476
500
521
615
116
144
373
395
420
493
551
840
964
981
1160
1182
1493
140
364
626
69
161
216
282
352
469
614
695
731
862
82
144
255
321
402
582
753
117
142
161
186
284
132
241
514
221
61
105
149
189
228
90
255
594
771
61
121
156
330
116
144
184
155
435
560
819
74
126
128
190
99
547
628
57
65
102
100
205
259
74
105
51
76
100
125
151
178
205
231
257
283
308
333
359
311
82
120
159
118
106
193
217
167
159
236
301
217
105
44
93
144
204
251
73
117
634
824
911
1099
154
231
143
217
354
705
763
865
1023
98
205
147
214
268
320
113
133
302
381
180
243
161
310
448
484
661
791
909
1070
287
328
405
535
67
95
190
317
60
241
402
155
199
126
133
133
70
71
145
260
303
353
54
44
322
111
138
145
630
109
293
359
109
176
128
214
103
128
81
158
104
457
487
1337
174
105
55
61
113
95
54
225
576
126
86
90
180
179
195
237
210
502
567
420
719
952
1031
198
119
200
430
106
273
347
102
117
422
451
608
35
93
137
206
39
41
85
164
179
119
373
114
184
227
248
586
660
260
234
443
755
837
952
1144
113
243
86
189
225
333
461
706
194
200
258
391
416
476
682
713
744
133
176
312
416
529
213
73
156
62
170
131
281
302
378
234
288
470
79
246
109
288
490
128
184
127
198
386
61
128
228
351
443
522
126
212
383
444
536
160
298
391
464
618
672
737
775
895
948
1065
1261
1323
131
455
70
63
183
206
212
61
90
153
97
129
154
78
338
359
557
592
693
789
75
316
456
601
1638
2399
366
170
837
203
208
50
89
72
39
82
94
205
437
128
1230
2007
57
326
409
523
702
425
547
84
137
196
339
158
212
276
309
663
102
150
200
84
203
266
319
149
61
59
53
67
109
84
143
118
126
206
288
89
119
121
106
196
330
543
636
776
899
1159
1206
1601
1789
1957
2193
2439
205
330
398
68
55
75
195
69
140
343
382
183
222
276
780
818
134
351
501
649
680
706
737
768
794
820
847
883
914
936
962
989
1021
1359
2286
2552
2658
2743
165
68
105
98
66
84
102
120
198
597
188
224
245
265
384
468
487
554
762
827
864
1241
1393
1485
61
168
312
355
430
619
830
925
1022
1048
1100
1248
130
166
205
255
312
374
426
468
1513
1774
1840
1903
131
59
79
274
330
455
76
75
191
237
311
166
250
332
157
198
286
75
282
347
384
488
520
803
932
1031
1276
1455
136
187
241
325
374
416
488
560
605
700
813
872
967
1029
1216
496
819
857
1028
1299
1584
1619
133
104
136
188
256
77
77
80
87
151
45
73
113
85
160
271
328
432
535
626
662
48
80
146
778
872
114
161
228
322
397
446
494
77
179
119
207
246
316
362
440
535
103
343
448
89
204
113
146
136
574
118
99
168
119
328
77
162
647
86
111
88
109
140
143
66
76
357
81
400
441
493
631
656
466
756
844
893
1213
216
289
387
444
510
581
710
767
114
150
101
113
94
40
105
379
84
78
124
95
90
118
99
104
174
79
70
119
425
466
104
169
225
246
98
155
276
327
366
50
137
160
198
313
505
618
653
688
783
861
889
955
1061
43
66
170
149
223
98
95
142
57
137
96
342
130
221
253
296
328
345
401
437
482
530
74
164
157
217
248
277
303
326
407
524
53
59
122
56
49
53
41
55
43
50
131
25
61
238
44
91
167
195
245
49
149
136
93
142
256
46
29
49
86
43
123
101
33
62
52
75
127
164
370
126
168
52
72
234
129
113
313
614
118
59
63
103
189
223
118
182
217
263
308
41
104
133
213
262
346
63
89
316
445
44
44
89
192
544
132
80
139
82
172
198
49
79
146
220
81
104
173
234
307
340
45
65
118
409
593
826
996
187
290
426
582
814
895
1582
1647
1953
2060
2160
380
416
436
478
513
565
592
619
646
115
146
79
99
121
173
129
101
171
118
164
451
352
93
124
180
210
259
311
177
259
183
213
262
314
161
84
218
242
48
70
134
170
281
70
132
202
135
84
301
75
122
118
89
177
121
74
178
327
548
762
807
850
37
144
303
178
210
202
284
775
1503
1584
111
61
80
114
379
756
883
1103
1205
1265
1328
1417
1470
1638
1776
1861
1893
1941
101
147
412
496
1110
47
127
74
172
315
135
70
129
117
614
889
995
1121
98
129
141
179
204
257
367
235
62
104
212
86
125
294
135
99
198
106
212
48
39
434
516
645
888
176
74
382
223
326
525
656
221
359
401
515
76
65
237
346
216
134
75
36
162
178
50
97
143
221
261
110
141
47
72
103
141
160
251
80
152
179
222
46
49
78
147
31
72
110
76
131
174
199
264
113
148
135
133
52
202
310
92
133
4163
353
537
141
169
211
282
418
460
180
176
351
734
786
869
410
481
598
219
245
98
194
97
99
192
234
326
380
476
542
633
854
100
149
152
196
221
247
252
327
456
533
573
622
149
210
257
117
153
570
82
174
79
109
54
176
239
171
693
782
992
1026
1089
106
138
170
260
78
114
336
610
255
318
537
551
575
296
460
789
865
157
586
642
131
186
103
42
13
13
22
13
25
162
44
435
258
50
116
164
330
82
174
116
144
176
213
169
273
77
243
102
194
299
414
545
67
150
74
344
544
691
787
948
1085
77
118
228
292
99
132
132
224
345
444
511
605
733
834
199
233
203
302
302
348
160
212
262
202
289
459
518
688
200
337
161
282
90
368
436
578
664
347
291
203
208
270
830
909
1063
147
227
325
656
778
960
1031
1137
1290
46
100
60
470
711
960
1318
1393
1598
423
678
117
163
950
164
197
206
100
134
315
493
114
246
120
276
74
286
207
964
266
227
116
165
395
104
178
355
83
131
182
116
230
226
918
1014
1090
252
717
1090
1396
1456
1490
3082
3355
3519
3774
3820
3917
4010
4288
4564
5107
5184
5602
5699
435
556
629
864
912
942
1129
1197
1279
1325
1372
453
262
552
688
851
1009
139
256
385
463
163
251
126
503
481
82
136
189
147
61
376
416
211
279
316
357
250
154
205
328
116
201
261
358
430
486
62
778
822
856
998
1198
1284
1459
1650
1735
1865
1923
202
109
122
263
522
148
69
87
228
391
725
895
1046
112
76
111
294
336
72
185
105
114
194
95
360
624
700
763
1087
1178
1289
1547
159
67
87
110
256
158
15
264
301
