3
239
138
289
80
202
14
152
573
79
270
182
85
164
312
147
395
85
90
76
157
274
573
632
724
802
849
917
68
186
807
112
153
21
52
232
67
103
42
467
95
167
301
363
39
74
73
73
77
72
106
122
166
74
119
54
97
186
275
365
168
127
175
257
67
102
87
92
120
71
72
60
95
92
90
118
37
38
14
44
109
194
334
485
568
200
77
74
69
80
92
118
68
92
93
108
30
59
88
99
88
89
139
164
190
229
391
514
692
794
932
1074
1280
1376
1727
1851
1936
2256
2381
3028
3056
3084
3112
3140
3168
3196
3224
3252
3280
3308
3336
3364
38
50
137
177
49
160
199
229
122
72
44
66
87
126
82
269
93
161
73
69
146
114
248
317
293
40
64
356
451
166
53
42
33
29
74
138
176
29
61
91
536
786
55
389
46
230
272
846
57
116
341
677
739
806
873
187
260
340
510
857
1172
1194
1319
238
833
64
156
395
623
931
1196
43
78
261
30
170
103
126
154
191
44
110
52
151
222
52
122
174
227
273
319
365
411
457
503
549
595
641
687
733
779
825
870
946
140
211
17
52
152
230
46
55
20
58
113
189
263
306
476
38
162
229
309
388
585
700
814
1220
1385
1579
1941
2073
2293
2313
2354
2423
2445
2591
2705
2741
2770
2856
35
109
216
38
237
57
155
54
578
782
964
1233
1359
1569
60
33
93
65
161
251
372
526
1055
1296
137
343
432
505
563
637
717
853
1131
1229
1316
1402
1549
1696
1742
1927
2127
2277
2495
2590
2697
2804
2998
3098
3159
30
112
148
61
91
108
98
223
420
678
804
875
931
1017
1125
1219
1311
1395
1492
1617
1885
89
39
80
435
55
64
86
106
466
40
91
118
44
104
98
137
79
60
197
280
54
97
55
129
105
193
218
85
165
326
410
470
636
676
799
871
902
181
245
339
407
479
507
565
71
124
171
201
555
671
90
28
42
132
287
35
135
98
65
140
100
154
175
56
47
148
201
264
53
57
140
297
37
49
107
50
161
177
391
81
231
72
118
66
60
98
67
84
125
154
340
43
120
164
213
110
160
200
242
86
125
167
115
133
195
235
280
102
66
125
176
278
385
423
511
628
711
804
52
64
139
67
199
257
60
116
141
294
343
88
59
122
32
80
158
36
54
27
6
133
175
166
211
308
44
139
182
54
25
46
67
139
129
154
262
130
155
219
277
448
518
571
661
742
963
1056
1169
1279
1472
1549
1640
51
45
46
81
200
187
95
468
654
742
928
1781
1899
2598
2654
2713
2769
2827
2895
80
34
88
129
258
373
416
467
791
850
1542
1925
2473
2579
2714
2792
2906
2995
3229
3740
4083
4260
4312
4348
4396
4451
4493
4556
4593
4632
4684
4804
4922
5004
5199
5259
5309
5362
77
155
220
294
380
410
464
519
599
639
731
798
852
893
1018
1169
1190
1225
1352
1391
1430
1492
1546
1588
1645
1684
1716
1745
1780
1826
1894
1941
1999
2097
2196
2318
2357
2381
2483
2544
2596
2640
2725
2753
2786
2841
2937
2978
3077
3139
3195
3382
3432
3516
3590
3618
3656
3747
3822
3881
3913
3950
4011
4079
4131
4155
4178
4201
4268
4313
4360
4409
4467
4524
4547
4573
4622
4647
4685
4718
4742
4772
4812
4847
4901
4942
4998
5038
5120
3419
3
5148
5200
5274
5322
5518
5594
5651
5702
5747
5792
5867
5944
5996
6087
6136
6186
6228
6270
6314
6356
6396
6425
6476
6537
6599
6640
6666
6745
6974
7021
7081
7140
7185
7232
7273
7317
7367
7408
7449
7537
7576
7808
7924
7976
8123
8185
8221
8245
8269
8354
8383
8468
8493
115
250
353
391
427
488
556
620
679
1171
769
818
864
902
1093
1123
1143
1195
1276
1357
1396
1446
1512
1551
1611
1665
1693
1725
1757
1786
1853
1963
2043
2113
2222
2284
2332
2356
2396
2508
2563
2583
2627
2712
2740
2773
2828
2924
2965
3064
3126
3182
3369
3419
3503
3577
3605
3643
3734
3809
3868
3900
3937
3998
4066
4118
4142
4165
4188
4255
4300
4347
4396
4454
4511
4534
4560
4609
4634
4672
4705
4729
4759
4799
4834
4888
4929
4985
5025
5107
5135
5187
5261
5309
5505
5581
5638
5689
5734
5779
5854
5931
5983
6074
6123
6173
6215
6257
6301
6343
6383
6412
6463
6524
6586
6627
6653
6732
6961
7008
7068
7127
7172
7219
7260
7304
7354
7395
7436
7524
7563
7795
7911
7963
8110
8172
8208
8232
8256
8341
8370
8455
86
164
229
303
389
419
473
528
608
648
740
807
861
902
1027
1178
1199
1234
1361
1400
1439
1501
1555
1597
1654
1693
1725
1754
1789
1835
1903
1950
2008
2106
2205
2327
2366
2390
2492
2553
2605
2649
2734
2762
2795
2850
2946
2987
3086
3148
3204
3391
3441
3525
3599
3627
3665
3756
3831
3890
3922
3959
4020
4088
4140
4164
4187
4210
4277
4322
4369
4418
4476
4533
4556
4582
4631
4656
4694
4727
4751
4781
4821
4856
4910
4951
5007
5047
5129
5157
5209
5283
5331
5527
5603
5660
5711
5756
5801
5876
5954
6006
6097
6146
6196
6238
6280
6324
6366
6406
6435
6486
6650
6547
6609
6676
6755
6984
7031
7091
7150
7195
7242
7283
7327
7377
7418
7459
7547
7586
7818
7934
7986
8133
8195
8231
8255
8279
8364
8393
8476
8496
8517
8571
8625
8683
8711
8741
8771
8801
112
158
198
242
289
373
434
493
538
584
100
222
290
1113
1285
1341
1392
1587
1713
1793
2198
2252
2290
2333
2509
2695
2775
2838
2877
2933
2977
3030
3081
3119
3365
3629
3652
3676
3761
3809
3848
3887
67
138
173
220
262
301
338
374
410
446
482
518
554
590
624
658
700
746
792
837
881
917
945
974
1002
1030
1061
1110
1158
1206
1254
1302
1350
1398
1446
1493
1540
1585
1636
1676
1710
1743
1805
1856
1895
1939
1975
2007
2041
2105
2140
2180
2234
2297
2351
2404
2438
2485
2529
2559
2593
2631
2697
2765
2821
2884
2923
2954
2983
3014
3048
3079
3109
3134
3169
3228
3260
3306
3453
3548
3617
3722
3769
3820
3960
4019
4062
4110
4150
4188
4224
4260
4296
4332
4377
4422
4467
4519
4578
4616
4676
4764
4794
4824
4854
4887
4920
4950
4977
5008
5039
5077
5192
5247
5314
5352
5439
5518
5596
5635
5688
5729
5780
5833
5874
5930
6025
6074
6166
6219
6267
6311
6359
6396
6439
6550
6592
6634
6676
6718
6760
6804
6856
6914
6957
7000
7044
7082
7125
7173
7246
7322
7376
7427
7473
7531
7582
7636
7681
7763
7872
7957
8011
8065
8161
8222
8306
8368
8420
8479
8547
8583
8634
8672
8707
8785
8834
8876
8918
8960
9007
9051
9097
9131
9177
9213
9243
9292
9330
9370
9420
9474
9538
9580
67
138
173
220
262
301
338
374
410
446
482
518
554
590
624
658
700
746
792
837
881
917
945
974
1002
1030
1061
1110
1158
1206
1254
1302
1350
1398
1446
1493
1540
1585
1636
1676
1710
1743
1805
1856
1895
1939
1975
2007
2041
2105
2140
52
60
2180
2234
2297
2351
2404
2438
2485
2529
2559
2593
2631
2697
2765
2821
2884
2923
2954
2983
3014
3048
3079
3109
3134
3169
3228
3260
3306
3453
3548
3617
3722
3769
3820
3960
4019
4062
4110
4150
4188
4224
4260
4296
4332
4377
4422
4467
4519
4578
4616
4676
4764
4794
4824
4854
4887
4920
4950
4977
5008
5039
5077
5192
5247
5314
5352
5439
5518
5596
5635
5688
5729
5780
5833
5874
5930
6025
6074
6166
6219
6267
6311
6359
6396
6439
6550
6592
6634
6676
6718
6760
6804
6856
6914
6957
7000
7044
7082
7125
7173
7246
7322
7376
7427
7473
7531
7582
7636
7681
7763
7872
7957
8011
8065
8161
8222
8306
8368
8420
8479
8547
8583
8634
8672
8707
8785
8834
8876
8918
8960
9007
9051
9097
9131
9177
9213
9243
9292
9330
9370
9420
9474
9538
9580
238
290
307
323
345
369
416
440
487
520
76
98
120
142
164
270
186
208
226
248
288
34
64
91
129
164
62
162
239
312
397
473
542
607
666
703
756
87
17
51
122
157
204
246
285
322
358
394
430
466
502
538
574
608
642
684
730
776
821
865
901
929
958
986
1014
1045
1094
1142
1190
1238
1286
1334
1382
1430
1477
1524
1569
1620
1660
1694
1727
1789
1840
1879
1923
1959
1991
2025
2089
2124
2164
2218
2281
2335
2388
2422
2469
2513
2543
2577
2615
2684
2756
2814
2880
2919
2950
2979
3010
3044
3075
3105
3130
3165
3224
3256
3302
3449
3544
3613
3718
3765
3816
3956
4015
4058
4106
4146
4184
4220
4256
4292
4328
4373
4418
4463
4515
4574
4612
4672
4760
4790
4820
4850
4883
4916
4946
4973
5004
5035
5073
5188
5243
5310
5348
5435
5514
5592
5631
5684
5725
5776
5829
5870
5926
6021
6070
6162
6215
6263
6307
6355
6392
6435
6546
6588
6630
6672
6714
6756
6800
6852
6910
6953
6996
7040
7078
7121
7169
7242
7318
7372
7423
7469
7521
7572
7626
7671
7753
7860
7935
7989
8051
8147
8208
8292
8354
8406
8465
8533
8569
8620
8658
8693
8771
8820
8862
8904
8946
8993
9037
9083
9117
9163
9199
9229
9278
9316
9356
9408
9462
9528
9570
242
311
521
586
716
970
1190
1408
1494
1564
1643
1710
1758
1792
1873
1903
1954
2137
2229
2288
2322
2359
2387
2416
2510
2599
2657
2711
2762
2801
2827
2905
2966
61
134
171
220
262
301
339
378
414
450
486
522
558
594
628
663
709
759
809
858
906
943
971
1000
1028
1056
1087
1139
1191
1243
1295
1347
1399
1451
1503
1554
1605
1654
1709
1750
1784
1818
1884
1936
1978
2026
2064
2096
2130
2194
2229
2269
2323
2386
2440
2493
2528
2579
2624
2654
2688
2726
2795
2867
2927
2993
3035
3066
3098
3129
3166
3200
3230
3255
3296
3355
3387
3433
3579
3674
3744
3849
3896
3947
4086
4145
4188
4236
4276
4314
4350
4386
4422
4458
4503
4548
4593
4645
4704
4742
4803
4891
4924
4957
4987
5020
5059
5089
5116
5150
5184
5222
5337
5392
5459
5497
5540
5563
5638
5716
5777
5822
5869
5920
5974
6017
6062
6118
6159
6207
6261
6302
6356
6408
6456
6498
6540
6578
6627
6734
6776
6818
6860
6902
6936
6993
7042
7076
7119
7162
7206
7244
7287
7335
7408
7484
7538
7589
7635
7693
7744
7798
7843
7925
8034
8118
8169
8231
8327
8388
8482
8544
8596
8655
8723
8759
8797
8835
8871
8950
8999
9041
9083
9125
9172
9216
9262
9297
9343
9379
9409
9458
9497
9539
9591
9646
9708
9750
9786
72
111
176
240
301
377
424
488
544
590
639
695
746
795
845
894
937
990
1040
1078
1138
1196
1291
1397
1431
1475
1520
1570
1610
1666
1709
1760
1829
1872
1909
1959
2004
2074
2141
2220
2293
2355
2500
2527
2578
2634
2698
2728
2804
2834
2866
2896
2929
2957
2985
3017
3048
3082
3118
3158
3198
3238
3300
3372
3443
3515
3604
3668
3751
3810
3911
4017
4099
4130
4170
4214
4254
4307
4532
4623
4675
4719
4770
4824
4868
4924
4980
5034
5077
5163
5192
5224
5257
5288
5369
154
193
258
322
382
458
505
569
625
671
720
776
827
876
926
975
1018
1071
1121
1159
1219
1277
1376
1481
1515
1559
1604
1654
1694
1750
1793
1844
1913
1956
1993
2043
2088
2158
2225
2304
2377
2439
2584
2611
2662
2718
2782
2812
2888
2918
2950
2979
3012
3042
3069
3100
3131
3164
3200
3240
3280
3320
3382
3452
3521
3593
3681
3745
3828
3887
3988
4094
4176
4207
4247
4291
4331
4384
4609
4698
4750
4794
4845
4899
4943
4999
5055
5109
5152
5177
5206
5244
5297
5384
5424
5469
5517
5565
5613
5661
5709
5754
5824
5877
5929
6002
6053
6182
6213
6265
6332
6397
6467
6549
6603
6659
6693
6757
6787
6877
6930
6986
7040
7089
7138
7176
7228
7290
7412
7451
7581
7672
7767
7863
7912
7954
8045
8191
8251
8330
8413
8445
8501
8550
8629
8674
8724
8763
8809
8851
8885
8946
8997
9037
9104
9278
9329
151
190
255
319
379
455
502
566
622
668
717
773
824
873
923
972
1015
1068
1118
1156
1216
1274
1373
1478
1512
1556
1601
1651
1691
1747
1790
1841
1910
1953
1990
2040
2085
2155
2222
4204
3076
2301
2374
2436
2581
2608
2659
2715
2779
2809
2885
2915
2947
2976
3009
3039
3066
3097
3128
3161
3197
3237
3277
3317
3379
3449
3518
3590
3678
3742
3825
3884
3985
4091
4173
4244
4288
4328
4381
4606
4695
4747
4791
4842
4896
4940
4996
5052
5106
5149
5174
5203
5241
5294
5381
5421
5466
5514
5562
5610
5658
5706
5751
5821
5874
5926
5999
6050
6179
6210
6262
6329
6394
6464
6546
6600
6656
6690
6754
6784
6874
6927
6983
7037
7086
7135
7173
7225
7287
7409
7448
7578
7669
7764
7860
7909
7951
8042
8188
8248
8327
8410
8442
8498
8547
8626
8671
8721
8760
8806
8848
8882
8943
8994
9034
9101
9275
9326
9402
151
190
255
319
379
456
503
575
631
677
726
782
833
882
932
981
1024
1077
1127
1165
1225
1283
1382
1487
1521
1565
1610
1660
1700
1756
1799
1850
1919
1962
1999
2049
2094
2164
2231
2310
2383
2445
2590
2617
2668
2734
2808
2838
2914
2944
2976
3005
3038
3068
3095
3126
3157
3190
3226
3266
3306
3346
3408
3478
3547
3619
3707
3771
3854
3913
4014
4120
4202
4233
4273
4317
4357
4410
4635
4724
4776
4820
4871
4925
186
352
4969
5025
5081
5135
5178
5203
5232
5270
5323
5410
5450
5495
5543
5591
5639
5687
5735
5780
5850
5903
5955
6028
6079
6208
6239
6291
6358
6423
6493
6575
6629
6685
6719
6783
6813
6903
6956
7012
7066
7115
7164
7202
7254
7316
7438
7477
7607
7698
7793
7889
7938
7980
8071
8217
8277
8356
8439
8471
8532
8581
8660
8705
8755
8794
8840
8882
8916
8977
9028
9068
9135
9309
9360
9436
102
297
41
127
616
1020
1213
1466
1494
1521
1548
1574
123
435
758
1147
1282
1391
1418
1445
123
232
29
83
67
94
113
93
306
382
217
295
374
572
610
869
332
533
550
942
1090
1146
1216
1323
1583
1781
1927
2093
2295
2377
2434
2498
2558
2623
2691
2946
2973
3211
3303
3344
3434
3654
3706
3742
3793
3923
4100
4138
4231
120
200
300
408
473
504
563
597
669
692
810
876
946
978
1013
1037
1060
1247
1296
1337
1370
1431
1533
175
227
257
386
473
35
45
234
387
528
647
803
932
1064
1209
1362
1471
1568
1696
1799
1928
2032
2120
2202
2285
1696
38
137
238
348
454
573
661
728
834
916
999
38
117
288
445
661
874
957
1195
1486
1703
1828
1968
2131
2240
2356
2745
3425
3597
3833
222
204
432
650
794
933
1146
38
44
149
232
41
157
268
354
949
1066
1197
1320
1516
1726
1921
2085
2290
2537
2674
2907
3201
3317
3488
3691
3906
4050
4192
4336
4572
4783
4899
5047
5458
5704
5881
6010
6235
6403
6530
6656
6772
6888
7013
140
270
413
36
199
325
471
612
739
855
92
231
366
811
1087
1212
1309
1400
1625
1732
1968
39
126
78
126
31
116
179
272
344
741
1111
1290
1538
800
1366
1599
1694
1853
1928
2004
2187
2344
2456
2579
2852
2924
3270
3638
3808
3848
4002
4170
4300
4487
4703
4908
4980
5172
5361
5468
5549
5623
5751
5888
6015
6160
6445
6582
6700
6804
6917
7054
7272
7428
7528
7719
7837
8025
8117
8257
8442
25
158
684
1113
1133
1151
1177
1205
1235
1259
1279
1307
1324
1343
1363
1393
1425
1452
1473
1502
1535
1557
1587
1616
1636
1660
1716
1736
1783
1815
1840
1871
1900
1937
1954
1981
2001
2020
2049
2081
2101
2123
2142
2180
2216
2238
2268
2305
2321
2347
2389
2402
70
142
165
201
228
257
303
331
353
399
436
484
532
583
673
976
1048
1145
131
191
242
494
531
553
571
589
619
682
708
734
760
787
994
1026
1064
1095
1126
1218
1308
77
214
489
152
182
420
102
193
16
71
12
15
15
15
15
15
16
15
12
166
295
369
456
505
557
622
78
272
18
38
99
320
356
71
146
215
408
48
81
194
212
504
813
861
178
302
91
18
66
230
334
105
191
73
144
203
81
157
270
85
94
31
52
248
114
170
308
748
831
989
1137
196
379
582
16
71
65
57
89
201
246
294
668
706
791
842
966
1129
1168
1396
1548
1695
1759
1812
1890
1932
2022
2103
2203
2230
2280
303
360
404
480
581
760
810
158
168
86
69
44
49
96
200
278
328
365
446
514
39
44
85
144
66
38
62
84
106
128
150
172
194
212
234
256
274
264
636
771
873
1031
1258
1375
60
362
505
31
16
53
107
149
786
87
41
35
196
261
412
564
679
785
1041
1177
1205
1268
1444
1608
1856
1900
150
284
385
63
106
216
67
267
850
885
914
991
1011
1037
1102
1164
1242
27
186
373
410
443
485
561
583
613
649
669
820
856
958
1277
1528
1855
1905
2296
2318
2428
2512
2559
2609
2665
2806
2873
3075
3273
3333
3393
3453
3493
3866
103
149
194
231
65
92
142
81
165
221
242
43
67
35
72
111
152
341
415
455
159
297
398
498
548
676
53
76
117
160
446
535
755
36
35
49
99
64
66
59
209
69
78
335
568
652
156
123
182
71
116
360
482
556
176
28
26
46
67
144
179
36
76
112
156
207
239
279
347
21
49
36
26
185
82
56
190
45
92
27
53
57
211
54
140
225
365
493
708
745
918
963
1028
141
278
493
527
557
62
132
67
138
232
343
405
437
491
517
585
653
755
914
871
1174
1438
1512
26
52
138
24
18
14
30
179
184
110
64
196
146
25
39
470
672
870
1054
1140
1172
104
44
162
312
65
1221
99
77
218
398
587
611
634
103
182
331
456
539
631
785
866
48
68
110
145
256
544
598
635
683
58
208
66
116
22
77
142
212
122
306
515
662
774
793
830
862
76
200
280
306
357
435
468
490
512
547
125
198
51
161
165
321
423
458
841
896
980
1050
76
488
544
246
565
1204
1312
1344
1438
62
314
126
194
303
259
30
163
67
204
137
235
416
61
80
204
70
46
49
109
186
267
139
169
79
131
255
417
524
654
30
175
785
272
299
253
378
876
90
207
95
101
82
155
74
247
289
124
162
200
238
276
314
353
393
430
468
505
543
581
619
657
695
733
49
97
360
476
525
100
145
282
60
89
65
11
124
40
53
192
285
321
489
786
814
849
907
990
1013
528
634
68
51
44
118
181
60
48
124
298
334
372
24
119
194
160
76
161
281
141
215
55
89
66
110
138
304
363
448
126
190
299
60
169
368
614
715
70
36
208
260
53
111
37
177
283
320
353
115
37
36
36
118
163
115
94
290
307
491
61
165
192
226
248
287
428
529
52
107
80
299
30
41
84
186
205
76
108
213
300
366
431
485
628
752
818
165
73
116
74
31
64
52
93
493
931
1000
1144
28
477
540
41
79
89
346
471
597
917
210
329
396
55
223
284
329
389
539
844
1121
1261
1378
1419
1570
1723
102
172
63
67
98
67
86
131
55
64
36
274
353
102
87
122
157
249
65
45
188
51
53
100
240
388
70
92
203
88
123
153
91
173
277
410
240
595
66
64
23
191
245
137
41
103
134
265
353
77
116
173
340
455
621
16
27
55
21
74
128
77
97
114
134
153
174
196
267
292
384
421
46
213
297
366
110
160
419
458
970
1129
116
66
354
138
66
80
589
1124
1340
1458
2181
3356
3491
3775
4479
4710
4986
682
759
830
984
1069
1150
1196
1243
371
164
65
198
64
121
135
302
383
1038
221
625
838
935
1209
1291
1418
32
96
283
115
180
408
445
103
290
330
67
100
305
78
191
108
340
376
101
310
346
115
359
52
105
298
335
66
82
204
98
288
211
261
54
60
57
134
89
205
277
38
40
53
127
188
238
182
236
45
55
97
168
216
115
160
78
164
344
162
1207
1514
1644
1858
197
167
626
248
312
54
122
163
183
216
568
723
788
1541
1703
1811
1896
2097
2180
2227
2272
2317
2382
2587
2645
2737
2902
3036
3300
3331
339
47
298
510
889
978
1900
83
120
322
453
118
78
65
98
60
186
80
515
110
38
64
16
18
77
123
88
300
344
56
90
71
106
195
345
514
561
440
487
527
578
69
104
71
88
141
59
37
88
363
542
612
679
749
814
923
981
1046
1403
1778
2289
2396
2541
2654
2779
102
244
338
65
229
361
399
151
394
98
345
520
619
733
49
169
437
589
816
843
893
943
974
1010
102
536
647
754
80
93
126
445
47
123
76
263
32
66
163
177
1110
1187
78
158
205
455
57
255
312
402
437
580
602
629
802
876
1152
1203
1251
1271
1427
1539
1831
83
106
153
222
275
330
735
804
925
1024
1070
1124
1179
1234
1257
61
99
205
62
136
27
53
110
31
148
466
648
761
793
820
913
992
1173
2040
2083
2571
2613
2877
3067
3128
3296
3418
3529
3629
3731
3819
3849
3876
3908
4002
4043
4177
4227
4497
4547
4989
5367
5535
5617
171
34
239
295
443
579
684
726
25
95
150
220
254
84
45
98
132
67
54
72
168
9
137
248
333
408
35
111
212
63
75
99
222
441
74
45
290
49
126
69
39
80
85
147
46
45
79
55
114
216
275
319
170
247
102
320
356
388
228
377
150
138
260
48
29
56
83
74
42
66
92
133
180
307
378
443
68
112
73
66
59
92
93
269
117
28
68
79
665
706
769
892
1011
1154
169
294
331
436
328
142
70
54
400
274
314
404
456
595
35
34
100
197
84
125
126
197
117
200
236
85
200
131
243
104
40
102
100
90
111
41
47
49
75
152
229
137
98
96
141
234
280
331
339
67
193
136
253
387
169
425
451
533
616
744
849
898
984
130
231
440
521
803
967
1070
1237
1292
1571
1843
1939
2004
2138
2221
2569
10
72
56
128
42
41
46
129
273
62
191
84
136
199
225
250
361
400
479
519
621
703
64
130
157
60
522
60
116
251
73
218
359
482
549
59
110
293
531
88
126
164
195
288
312
338
663
52
97
160
231
32
138
171
271
370
230
255
532
253
508
65
64
126
194
180
118
253
314
36
126
198
77
61
47
121
213
272
312
284
338
88
140
208
315
385
562
662
99
150
65
164
163
250
409
502
611
141
212
431
478
481
817
65
36
92
54
73
160
37
78
45
246
128
268
302
418
1058
32
70
384
494
538
615
184
438
102
89
62
163
355
475
169
265
322
425
121
62
216
92
31
226
67
70
104
135
80
244
314
110
162
215
440
554
708
55
100
154
84
179
289
349
432
519
820
1098
38
60
173
213
313
369
435
480
507
187
326
370
579
600
663
701
746
54
372
917
980
1653
92
139
113
570
603
709
938
101
102
188
264
255
599
675
2235
1112
1305
1363
1488
1798
2039
2074
2162
2278
2616
2721
2870
3271
3578
3648
3693
3873
3967
4200
4631
4920
5071
5864
5936
6106
6417
6492
6619
6767
7468
7528
7597
7784
7911
8002
8062
8146
8481
8899
8994
9249
9472
9648
9769
10040
113
75
126
181
106
158
274
446
534
575
796
42
45
26
43
70
89
69
65
62
53
35
26
49
25
32
43
92
42
48
31
81
226
952
1085
1164
1367
1540
1576
1676
1726
1813
1966
2039
2099
2132
2191
2228
2349
2390
2410
2696
2825
3043
3672
3744
3879
3993
4119
4189
4299
4386
4420
4527
4598
107
133
186
212
264
296
400
426
452
504
556
608
634
660
711
723
735
759
797
821
833
857
927
951
1001
1025
1037
1085
1097
1109
1181
1193
1253
1265
1334
1412
1464
1490
1542
1568
1594
1625
1651
1677
1703
1784
1836
1862
1888
1987
2013
2039
2065
2143
2528
2564
63
163
189
215
241
267
293
319
346
372
34
49
90
750
770
903
2615
2706
8507
8920
9615
9667
9720
9853
9879
9905
9931
9957
10047
10075
10201
10254
10405
10535
10588
10638
10688
10740
10793
10847
10901
10955
11081
11567
11928
11956
11991
12033
12067
12105
12135
12232
12607
12661
12959
12997
13031
13068
13110
13361
13467
13860
13922
13987
14055
14103
14169
14236
14303
14366
14412
14465
14522
14580
14637
14699
14776
14831
14881
14934
14977
15101
15145
15185
15243
15302
15345
15431
15503
15589
15662
15710
15756
15803
149
375
875
1043
1068
1092
1117
1142
1166
39
40
178
59
110
92
115
184
214
242
309
342
368
394
414
436
456
476
495
514
534
555
579
619
647
671
690
725
751
777
800
822
844
870
890
911
931
951
973
994
1033
1061
1085
1104
1139
1165
1191
1529
1599
1781
1807
1899
1917
1937
1957
1976
1996
2017
2039
2061
2083
2108
2138
2168
2198
2228
2258
2288
2318
2355
2394
2422
2602
2626
2669
2693
2805
2830
2860
2904
2935
2986
3007
3038
3072
3098
3124
3144
3168
3187
3207
3226
3246
3267
3303
3487
3526
3550
3589
3617
3641
3746
3893
3913
3934
3968
3994
4020
4040
4060
4085
4143
4170
4234
4253
4277
4301
4458
4487
4507
4598
4647
4821
4839
4890
4926
4943
169
339
578
160
234
40
66
108
209
281
192
381
538
634
861
40
108
304
146
6493
6730
7255
7282
80
97
137
157
72
89
183
247
850
892
148
145
156
318
472
704
40
41
65
89
75
121
58
95
47
78
118
79
84
26
81
170
32
47
57
195
274
372
611
268
724
43
109
71
131
705
789
843
943
95
60
138
368
404
571
612
709
108
64
215
272
402
148
245
87
71
74
67
64
65
68
74
76
66
68
68
84
77
69
75
61
402
98
276
62
63
63
59
89
79
107
399
117
544
60
45
188
79
192
84
120
87
723
830
65
175
245
103
132
14
31
70
97
160
254
372
37
66
64
125
41
299
48
70
139
109
85
49
118
179
220
263
43
138
60
146
288
36
305
339
370
34
43
139
129
55
101
162
191
370
31
74
264
355
471
31
55
172
221
257
360
389
485
25
96
153
19
128
200
433
772
864
29
44
64
101
38
302
880
945
1342
1642
36
771
799
44
85
50
34
97
147
194
233
62
75
92
129
192
339
385
464
518
559
610
659
721
743
783
808
863
429
569
884
909
1120
1191
1288
1362
1539
2166
109
317
356
694
1060
1354
1445
1488
326
520
617
997
1408
1468
1580
1631
1769
2032
2357
2538
115
180
43
67
124
168
234
42
144
197
238
332
57
224
129
144
180
212
270
40
45
85
165
205
250
365
632
792
55
75
97
80
13
98
222
320
80
130
58
40
128
57
59
94
52
59
108
161
125
207
356
430
505
585
666
746
823
900
986
1072
1158
1244
1330
1409
1483
1554
1622
1709
1797
1926
2082
2245
2431
2628
2926
3224
3459
3583
3718
3822
3920
3992
4065
4299
4352
4446
4506
4620
146
208
522
612
844
198
335
418
79
59
158
56
199
283
319
399
320
361
403
563
794
98
298
433
606
691
73
138
247
425
721
763
103
153
79
74
132
73
211
135
190
53
66
84
211
72
81
271
387
595
618
702
46
45
306
353
566
44
110
87
28
27
95
152
44
44
58
42
122
33
99
191
239
60
239
353
393
529
63
311
570
979
148
78
103
45
105
191
299
206
239
287
666
848
1267
1320
1570
83
187
43
95
64
128
75
311
654
955
1208
1466
1636
1744
1853
1976
2082
2236
2317
475
856
909
952
1112
84
55
207
83
107
137
273
594
666
714
912
1163
1409
1510
1735
1895
1980
110
241
311
459
607
755
903
1051
1138
1214
37
82
193
344
421
49
50
140
235
271
158
192
77
97
421
469
188
265
341
41
24
58
66
119
89
145
219
286
76
174
239
184
41
44
87
205
242
288
541
1668
1726
188
227
53
43
184
246
346
389
478
608
679
755
122
229
290
166
51
78
42
80
158
371
151
358
416
466
771
977
1453
1694
1935
143
106
53
220
1786
2094
107
163
206
4411
4468
4527
448
2319
225
421
562
287
139
122
67
163
89
196
398
482
22
150
320
518
665
729
147
201
371
433
421
104
245
279
307
35
155
148
269
573
163
254
298
354
422
60
105
134
256
121
101
74
183
570
207
86
148
312
372
925
62
40
367
551
68
123
181
360
399
142
123
72
71
84
144
171
31
74
66
66
105
32
122
103
51
124
317
205
27
109
260
124
186
307
127
189
110
176
299
46
74
118
315
373
443
544
810
936
1053
1292
1374
1665
1726
1949
2051
2124
2239
2427
2601
530
69
136
58
113
112
583
55
127
160
236
285
396
456
550
81
151
284
313
570
661
775
1097
1375
1437
1467
1541
1613
1697
1766
1866
2122
2330
2498
67
111
58
41
55
138
557
779
833
135
168
88
107
185
267
37
85
102
137
189
145
17
77
110
24
82
47
38
77
138
352
276
399
581
156
180
277
468
638
685
47
273
63
54
106
150
210
387
449
598
683
731
903
135
175
197
258
368
429
486
683
54
27
29
140
594
44
417
879
1076
1128
1246
1430
1761
1979
185
218
246
458
641
26
90
164
234
293
130
152
462
65
122
491
531
81
64
140
297
64
124
569
70
183
205
269
629
712
832
996
1021
1102
1160
1210
1263
47
1364
2514
157
80
155
137
64
175
201
40
40
40
168
231
264
284
365
411
94
114
60
153
448
474
506
74
115
246
404
472
565
626
913
955
108
542
742
788
845
1451
1691
2136
51
268
306
463
722
1157
1219
1375
1427
1731
1824
1948
2072
31
365
407
457
799
959
1038
1307
1331
1437
1902
1943
2045
2067
2098
2412
2842
2894
3513
3700
3725
3915
4039
4397
142
48
107
153
238
343
414
470
577
758
805
854
1055
1132
1195
105
68
99
87
139
45
68
87
66
75
111
211
51
151
259
431
482
660
814
192
41
250
30
86
110
224
410
101
135
174
275
610
828
43
82
59
117
365
88
130
178
232
301
358
475
550
574
657
736
764
835
903
922
947
971
993
1074
1105
1140
1171
353
159
186
372
199
357
457
38
64
142
168
67
68
35
45
105
135
12
28
46
33
42
58
67
106
166
319
401
502
595
205
299
519
596
174
207
453
98
155
122
354
386
533
648
79
280
407
483
764
89
185
67
153
336
30
84
67
151
284
108
45
120
25
53
62
49
141
104
60
85
206
53
50
31
412
469
31
70
172
273
116
74
552
88
289
315
146
80
29
126
175
312
30
69
124
213
249
67
47
49
77
99
36
150
78
155
42
103
34
89
177
237
311
385
474
545
623
709
53
27
66
112
837
1047
1088
39
36
61
346
101
161
193
226
81
63
86
192
320
378
674
41
41
58
132
271
378
439
494
655
67
103
61
97
260
446
134
54
110
86
37
89
158
173
353
373
68
299
373
69
101
187
263
359
415
484
531
680
727
787
928
987
93
203
73
65
121
35
31
78
134
190
86
537
703
87
267
319
488
569
644
61
195
452
696
48
36
27
29
52
39
108
157
307
516
550
579
50
438
64
33
88
36
31
107
211
268
306
348
395
425
464
516
610
636
668
745
839
924
1068
1189
63
277
34
30
38
160
293
485
622
719
801
913
121
181
280
353
55
101
154
51
33
29
46
183
367
28
260
470
589
660
800
1060
1146
1183
1399
1473
49
152
81
38
23
26
16
40
114
70
333
31
43
31
153
197
294
66
115
161
76
87
33
100
149
246
35
133
66
69
549
576
1137
1170
1297
35
141
47
95
44
93
46
25
85
148
347
91
151
84
77
255
402
463
44
76
196
186
283
492
570
611
747
802
139
43
100
543
118
122
47
89
141
148
563
84
428
556
593
665
70
212
262
108
195
288
494
607
698
117
349
526
700
116
139
201
41
31
158
277
58
125
44
153
188
32
62
90
116
142
184
120
317
210
258
319
419
173
273
345
499
51
55
150
326
22
33
49
74
79
68
120
182
248
207
100
7
86
104
40
62
190
436
104
292
72
169
247
370
432
138
215
72
317
388
448
566
101
185
277
92
152
188
402
487
514
554
648
744
816
890
963
1005
1047
1113
1148
33
132
148
89
158
211
109
247
365
423
483
502
558
614
94
279
219
203
301
357
402
36
69
85
129
151
221
464
29
67
71
136
29
84
54
1330
1388
1578
1766
1849
1906
2090
2412
2711
2785
2891
3598
3821
4011
4126
4262
4519
4541
102
182
242
200
355
486
158
229
265
577
53
131
154
123
247
380
471
525
656
705
103
122
210
369
96
149
215
86
460
529
893
39
77
133
48
526
787
846
52
64
124
265
350
461
541
610
54
239
508
140
190
29
55
81
107
133
159
187
217
247
273
299
325
351
377
403
431
461
491
519
547
575
604
630
656
682
708
734
760
786
812
838
864
890
916
942
968
996
48
168
214
120
172
71
110
193
326
437
39
137
24
52
80
62
450
44
89
187
196
237
298
402
477
501
654
707
841
885
928
1029
1181
1259
1330
1386
1423
1635
1695
1738
2102
2456
2525
2627
103
135
205
332
349
400
543
581
639
677
783
219
54
142
206
414
623
743
771
886
917
88
177
86
26
68
190
40
77
112
73
73
164
293
426
61
71
106
68
221
55
318
35
37
134
238
47
102
141
37
31
85
65
173
233
85
188
98
116
178
35
86
180
264
325
376
167
28
81
80
182
233
311
52
154
70
95
137
254
146
94
286
103
179
361
599
653
679
777
86
70
116
159
399
538
653
87
145
256
328
95
141
172
212
451
511
75
151
160
90
234
43
92
44
83
134
198
75
88
67
121
175
83
86
220
279
147
219
292
419
83
156
273
97
121
163
201
300
375
521
644
722
807
226
375
454
72
166
49
76
75
82
72
133
104
133
156
416
389
132
262
90
276
90
128
109
140
229
141
221
517
176
101
254
305
332
38
53
110
38
89
75
119
172
30
202
238
89
15
147
240
108
31
83
78
41
75
34
21
103
78
424
76
100
295
162
67
114
187
51
72
164
208
62
68
83
331
488
66
635
675
124
168
251
320
51
90
132
175
64
209
29
72
172
656
1158
1273
602
655
735
825
1159
1396
1500
1565
107
329
428
578
58
99
41
114
198
538
194
208
40
70
46
51
65
241
43
256
426
589
667
933
1051
78
40
96
195
295
432
512
750
128
31
185
222
286
346
242
479
521
633
709
762
52
85
319
487
66
124
46
188
442
372
120
27
60
117
45
92
116
138
182
208
266
302
340
528
282
334
50
235
292
386
63
124
48
127
257
79
402
440
50
54
40
3
55
1411
1427
2284
2341
2384
1148
1619
1940
37
271
823
35
35
68
107
171
113
163
188
414
578
691
861
917
1113
1375
1437
1555
1684
162
227
394
508
535
569
663
681
699
734
759
784
807
838
899
927
949
969
1009
1039
1065
1086
1106
1125
1166
1187
1207
1225
1301
1321
1348
1417
1663
1718
1748
1842
1884
1913
1942
1970
2060
2120
2153
2187
2221
2255
2289
2325
2359
2394
2430
2464
2499
2533
2567
2601
2634
2668
2702
2736
2770
2804
2838
2873
2909
2945
2981
3017
3053
3089
3127
3165
3201
3237
3273
3309
3345
3383
3421
3457
3495
3531
3567
3603
3639
3675
3711
3747
3783
3819
3856
3892
3931
3969
4006
4036
4058
4078
4142
4170
4189
4211
4235
4514
4545
4576
4619
4643
4666
4690
4714
4738
4787
4833
4863
4893
4923
4983
5012
5041
5078
5116
5177
5202
5227
5251
5275
5302
5329
5443
5492
5542
5568
5593
5617
5639
5673
5702
5826
5884
5909
5935
5984
6031
6066
6092
6120
6150
6180
6210
6431
6457
6482
6508
6533
6556
6577
6601
6644
6699
6753
6785
6817
6857
6913
6971
7027
7081
7141
7201
7254
7308
7362
7416
7470
7564
7633
7689
7716
7739
7767
7800
7825
7855
7932
7962
8015
8066
8091
8129
8188
8275
8322
8372
8426
8518
8535
8553
8575
8594
8661
8736
8833
8879
8923
8953
8999
9046
9067
9165
9214
9291
9311
9331
9353
9375
9450
9498
9519
9539
9624
9680
9720
9750
9802
9874
9900
9923
9956
10016
10078
10139
10180
10199
10217
10235
9
71
131
40
143
250
185
789
897
1024
229
328
72
154
194
67
33
76
136
288
319
940
1838
138
208
257
333
165
311
72
141
502
636
722
850
85
93
232
70
184
51
216
415
776
854
921
972
1035
1086
199
311
560
676
83
194
38
75
145
105
275
254
398
625
220
286
353
812
950
1732
1896
2358
2425
254
714
853
1118
1285
1747
1809
314
42
77
112
554
670
109
250
385
497
528
78
111
228
282
349
410
481
542
613
674
64
100
130
222
271
356
432
505
579
654
754
860
989
1081
1147
1239
1368
87
230
302
388
457
532
606
69
95
159
33
50
136
185
229
272
303
333
396
156
264
163
248
45
222
180
242
104
208
366
859
1062
923
1163
42
95
177
217
151
255
313
82
250
48
247
430
54
192
252
656
51
162
187
70
67
197
216
550
683
973
64
344
381
577
641
670
694
719
1151
1249
1298
213
52
126
92
207
266
318
360
425
465
240
265
490
561
681
733
803
980
1087
1158
1232
1381
1468
1585
1646
1726
1862
1963
2046
2161
2230
2307
2883
129
325
512
574
855
1304
1687
1733
142
523
636
685
724
1049
1131
1219
1295
1538
1830
2034
133
327
630
889
925
1032
330
392
517
573
685
56
560
728
853
688
187
514
566
961
41
86
107
57
73
93
73
128
100
41
62
128
261
115
384
68
346
515
981
159
307
325
386
30
62
44
43
105
58
56
117
53
83
88
125
58
94
49
198
617
34
34
45
65
138
149
178
318
51
83
50
32
58
104
110
84
161
259
350
507
641
932
1395
1510
32
145
347
431
812
80
162
45
43
91
403
592
124
212
265
312
532
65
136
53
69
143
79
163
69
144
184
339
64
160
315
100
204
649
701
799
192
247
352
463
608
652
739
67
129
190
296
352
432
513
595
60
197
66
1316
1520
1646
2001
2125
55
100
148
262
662
845
1740
1882
2250
2308
2404
2468
2537
2780
78
394
58
64
51
69
124
150
71
69
68
102
76
70
58
54
74
59
75
75
108
107
436
465
583
646
717
829
1140
1344
1416
1508
1540
1940
2042
174
354
383
445
29
47
27
113
188
49
97
133
285
44
40
98
146
167
48
34
105
283
64
66
58
144
29
124
200
71
150
56
615
42
47
56
122
326
362
533
587
607
649
726
864
909
939
961
100
31
32
110
33
57
103
138
248
264
329
353
33
68
111
435
592
754
76
70
66
114
166
83
168
268
350
51
245
29
74
112
126
31
76
114
127
29
30
120
160
175
28
68
34
83
119
32
81
117
30
30
136
27
70
27
70
72
251
325
108
88
44
44
258
72
96
142
64
100
217
302
441
719
1049
1207
1485
157
316
375
30
130
259
69
143
16
78
221
119
71
27
92
42
43
111
216
263
90
131
99
282
185
241
91
110
136
217
490
565
864
88
179
253
308
95
52
96
133
270
75
50
33
105
51
83
47
205
279
478
97
255
291
30
24
18
62
168
163
67
102
63
193
230
263
370
450
29
116
34
134
274
359
546
884
1016
1097
88
65
147
190
254
311
389
497
738
139
68
79
123
302
23
39
54
100
156
194
41
64
73
158
83
138
49
38
72
45
100
52
43
86
52
65
85
129
210
39
311
540
672
1017
1257
1677
1721
2140
2452
2898
3369
3910
4574
4699
4811
4847
4883
5019
5173
5207
5262
5542
5817
5904
6235
6277
6376
6401
6456
6650
6669
6762
6843
6990
7031
7119
7476
7631
8235
8304
8529
8567
8605
8645
8684
215
35
187
233
141
33
47
36
58
172
66
95
59
103
159
184
169
218
33
45
144
88
140
382
580
686
732
766
901
1024
80
88
180
277
65
57
165
92
144
178
59
97
60
212
108
24
58
183
264
359
436
90
50
170
192
363
465
569
600
725
781
877
934
1173
1257
1349
69
147
56
349
406
543
651
731
817
904
992
1085
1269
1565
592
137
153
291
461
519
589
762
830
894
967
1145
1221
1290
1364
1445
1789
2053
2192
2812
2854
2897
2941
2992
3357
3517
92
127
239
193
79
57
103
95
249
66
185
222
315
377
476
690
753
44
86
138
224
298
360
424
506
577
649
702
755
822
43
81
130
224
263
300
353
67
4
268
47
86
172
55
69
104
69
127
60
118
220
249
46
388
459
186
214
497
557
659
25
83
128
366
716
128
58
150
165
108
176
303
496
537
587
639
680
699
762
838
917
949
1000
1026
1062
1103
1142
1208
38
58
122
65
78
212
70
39
69
111
88
62
100
372
1494
192
129
331
409
420
1050
1378
1565
1659
1774
1952
2118
2150
2167
2926
3184
3834
4114
4516
4902
78
34
87
258
316
340
57
64
165
207
161
40
74
64
66
57
22
46
85
29
56
82
108
135
35
43
42
56
138
66
89
25
85
185
415
51
41
188
238
324
579
1074
1095
1132
1150
1263
1283
1323
1377
1421
1437
1539
1651
1801
1906
35
128
130
77
177
167
220
441
509
46
659
137
261
546
92
159
192
218
240
317
455
586
669
769
886
986
1200
1372
1518
1618
92
138
47
157
207
596
16
107
174
248
76
473
96
194
325
427
1432
1679
145
233
708
351
473
36
79
156
177
331
380
511
830
1199
1481
72
185
131
141
189
209
233
246
43
175
207
497
120
266
71
367
60
180
347
462
1043
1235
73
117
319
523
639
251
434
478
84
262
474
510
55
358
138
261
341
204
13
38
43
338
13
15
143
13
104
188
462
723
254
46
27
45
91
170
205
143
62
143
375
416
521
596
713
1298
1340
1597
1647
1721
2024
2138
56
73
57
420
826
914
1146
1173
72
132
47
123
193
258
289
90
146
250
291
343
71
52
262
338
366
1319
1352
1407
451
563
620
714
878
1028
1134
51
75
111
140
192
222
282
45
39
102
78
146
47
80
190
84
212
257
337
94
135
171
187
103
318
38
64
931
52
62
114
85
366
471
732
779
822
922
1044
53
47
53
105
129
154
248
402
445
523
668
696
1640
49
335
551
44
46
78
144
217
413
530
145
356
3152
3516
3576
3645
3788
3964
4161
4304
4332
4383
4604
4769
5071
5194
5274
5402
5683
35
42
151
1368
1706
1947
1999
2284
2366
2512
2552
33
162
50
810
1088
1111
1150
1299
1335
1358
1401
1426
1541
1567
1593
1619
1762
1847
1970
2156
2174
2193
2252
105
152
292
310
328
369
395
437
172
228
287
392
473
194
41
65
39
126
105
127
870
52
64
180
245
277
399
467
526
59
58
93
129
173
233
262
282
306
359
389
420
452
549
599
644
686
795
827
883
927
247
263
917
1195
1331
1379
367
398
427
445
784
832
960
1034
1096
423
124
228
293
619
132
160
52
135
840
1080
1193
1596
1646
1927
114
344
505
91
84
98
165
162
84
157
582
56
81
108
142
207
259
128
159
187
453
74
121
166
247
225
266
237
277
351
429
465
530
659
792
915
994
1137
1208
1275
1482
1576
1688
1763
1839
1959
2050
2161
2183
2224
2284
2349
2377
2584
2636
2663
2705
2801
2837
2909
80
186
731
1165
1376
1574
1777
1837
41
622
697
296
476
90
76
35
708
1032
1068
1259
1289
1319
1519
1903
1942
2037
375
407
461
502
680
808
852
1509
1638
1778
1796
1817
1841
1873
1910
1975
2108
3500
3535
4004
4175
4214
4263
4304
4407
4467
4609
4749
4861
5521
5640
5707
6046
6223
6538
6602
6917
6965
7014
7144
7182
7221
7261
7296
7336
7383
7417
7468
7517
7542
7572
7601
7665
121
152
182
210
237
268
533
568
611
691
725
760
794
829
868
934
988
1098
1275
1318
1399
40
62
34
34
48
91
107
118
176
234
292
34
48
91
107
36
43
59
353
518
538
53
230
286
409
477
525
596
634
678
801
59
89
70
173
257
334
107
271
334
380
471
570
53
912
957
555
1021
1334
1386
1438
1525
1578
1605
1636
1688
1718
2745
116
142
171
164
321
367
429
40
70
139
204
79
68
111
191
208
232
353
450
85
130
110
315
55
91
203
385
141
412
754
797
1051
1138
60
29
52
312
29
84
125
180
221
401
432
461
127
207
35
61
72
346
439
25
407
780
1204
1723
1806
414
444
122
128
218
148
221
300
351
126
71
333
370
397
25
24
39
60
158
26
102
388
427
538
82
73
125
315
386
77
95
135
45
60
85
769
845
899
956
1171
1767
1855
1982
2193
2245
2357
51
110
142
500
296
589
895
1133
1204
1230
106
148
76
142
78
48
95
49
71
68
149
259
305
59
94
49
49
163
251
317
110
164
234
289
98
91
35
37
67
101
139
169
59
125
182
226
120
196
242
299
65
33
72
81
116
171
532
913
1103
1281
1425
274
314
519
658
698
726
773
848
1029
1162
220
340
31
69
32
214
282
29
85
114
142
72
120
144
97
190
42
114
186
30
43
112
22
47
201
217
269
186
291
85
118
107
100
177
189
139
222
294
27
83
186
242
345
168
218
332
429
485
45
197
260
387
442
582
698
41
111
159
214
276
72
79
124
56
324
109
89
158
71
186
246
222
77
44
52
104
254
134
64
281
37
108
469
299
446
213
360
56
77
161
35
78
230
602
906
185
145
135
251
402
672
33
127
188
62
69
79
177
201
117
201
82
199
74
51
222
445
132
64
74
29
58
138
216
204
308
133
200
41
56
130
244
77
162
85
123
31
60
76
146
154
199
55
114
144
186
130
154
176
60
67
26
35
126
156
193
59
130
226
295
414
47
45
359
411
508
737
1073
167
470
649
730
799
449
201
41
262
162
39
78
41
144
130
399
504
693
80
63
85
187
256
139
439
516
638
253
496
577
687
760
917
954
1024
1116
1167
1258
1332
1517
1666
76
64
30
45
269
399
92
138
51
82
211
92
60
46
98
41
461
63
99
145
200
286
335
405
474
528
575
666
699
294
395
423
495
520
42
37
63
89
149
204
290
412
537
601
690
786
857
952
1003
1067
1110
1393
490
681
30
177
76
65
84
241
483
306
370
726
1193
110
173
204
229
184
240
282
325
381
290
537
903
134
50
298
553
726
306
403
553
890
1374
112
178
209
234
49
120
163
187
209
83
209
59
35
49
63
60
67
702
139
24
110
391
452
497
151
255
357
480
540
213
323
654
714
896
1157
43
57
134
261
191
309
940
967
1241
1390
1687
1837
1923
105
215
299
375
502
574
591
138
34
72
138
22
18
98
151
222
61
81
147
196
239
135
160
450
505
857
1030
1080
47
56
215
221
326
49
256
156
419
89
137
74
124
166
202
252
303
70
190
283
39
39
181
285
327
412
438
579
679
709
730
789
826
873
939
1020
1153
1269
1419
1651
1758
1798
1935
2048
2235
2558
2980
317
381
403
544
781
39
20
65
63
141
213
280
319
45
152
311
453
541
160
141
865
69
451
484
60
107
112
162
36
49
95
301
409
481
527
334
524
632
1287
1381
1603
54
112
408
963
87
143
224
85
214
94
141
482
554
2025
2044
2063
2130
2175
2319
156
58
92
131
261
299
335
398
46
112
130
90
120
150
180
187
120
169
305
63
180
40
61
82
109
129
149
169
72
107
60
213
38
79
150
223
44
262
338
89
114
42
109
28
483
320
697
72
32
100
249
450
499
575
36
100
45
150
88
150
205
69
34
101
129
25
157
225
306
29
56
84
111
138
164
190
216
242
270
296
322
349
69
109
249
294
434
623
705
781
881
103
142
63
102
166
242
280
128
190
107
232
387
44
84
132
251
412
434
451
25
169
187
408
651
1806
2244
2280
2676
98
76
127
228
264
134
148
407
247
33
54
54
51
102
287
437
121
206
242
59
151
241
259
42
67
65
49
28
34
31
318
502
560
644
102
177
207
296
79
30
63
100
128
56
39
217
251
758
119
150
219
51
276
329
62
31
51
187
305
624
722
52
55
131
53
147
268
64
127
218
84
173
90
93
559
128
164
73
213
304
355
439
499
547
627
828
990
1254
1292
1388
189
488
545
176
190
238
298
265
342
456
570
615
760
879
274
397
546
613
659
782
850
891
1051
1210
1262
1447
1606
1710
1903
2041
2087
150
92
155
167
370
478
114
213
322
140
125
155
56
286
392
32
66
118
168
94
63
83
55
400
494
774
183
228
347
417
510
778
850
233
46
66
150
174
290
69
205
80
322
390
441
478
540
678
145
380
33
167
64
201
308
344
106
576
648
818
904
92
64
269
302
42
55
44
79
115
24
102
158
193
61
88
52
107
43
126
19
247
33
39
37
38
37
36
38
40
36
124
178
226
311
348
380
407
441
60
57
117
61
86
119
68
98
148
275
348
63
88
112
155
199
63
77
177
74
145
200
293
188
305
92
152
91
99
133
42
140
239
339
491
642
807
878
951
1037
1112
1256
1356
1457
58
41
39
139
34
69
105
132
168
213
64
178
662
316
34
68
146
117
308
501
252
474
1375
1494
1728
1878
2115
2140
2313
256
152
209
259
301
328
370
440
496
555
597
654
697
774
827
925
950
989
1012
1155
1250
1348
1380
1444
1491
1542
1643
1666
1869
1916
86
307
37
50
89
254
76
149
361
491
604
790
829
866
943
1047
1128
1177
191
200
239
31
65
91
117
143
169
195
221
249
275
303
331
46
45
194
70
64
242
264
82
88
155
169
75
102
138
42
236
505
109
215
247
581
651
106
189
53
99
93
33
67
87
119
153
321
85
87
118
58
107
200
310
48
41
83
283
193
404
444
79
186
245
41
107
32
108
187
79
581
726
936
361
573
647
683
779
39
89
75
128
26
51
55
199
83
185
269
373
494
655
158
144
394
566
795
885
1103
1217
1428
1561
1617
54
51
112
58
87
117
147
57
44
139
69
76
75
121
136
96
57
91
130
195
21
52
28
32
195
552
41
40
77
110
128
148
163
257
278
481
503
525
545
565
591
635
667
691
74
170
42
85
116
181
208
265
44
114
72
133
36
57
43
69
95
119
122
45
70
82
192
42
47
101
161
77
87
66
57
106
42
168
248
192
68
166
32
73
673
893
1092
1177
30
43
31
55
138
200
239
129
238
50
123
172
189
226
259
290
125
186
320
365
447
560
604
90
139
191
282
378
199
545
619
637
656
932
1143
1315
1713
1861
2059
348
463
570
797
1154
1250
1318
435
832
2903
2934
2964
3262
3399
3830
4045
4063
4083
116
225
299
424
425
883
129
226
94
157
113
56
42
139
163
99
214
59
44
73
93
132
77
36
95
57
119
49
26
49
430
69
82
116
49
212
312
409
718
976
1041
1283
156
261
494
581
691
863
38
19
60
171
184
70
90
39
96
81
78
52
332
406
432
565
144
44
73
40
37
212
600
640
965
1220
1366
1516
1818
2154
2208
2348
2491
2533
2664
2771
2906
95
190
463
542
80
177
495
575
791
1120
1181
1272
48
113
183
254
337
460
502
528
619
662
735
778
54
90
120
40
175
202
175
270
791
107
226
292
321
14
31
101
30
171
246
56
115
162
281
47
123
101
98
84
253
374
54
70
84
108
35
83
124
155
189
225
103
59
289
431
603
181
46
82
138
288
218
41
109
147
86
65
57
71
182
236
294
445
497
37
59
177
313
526
573
617
714
742
56
42
53
109
154
204
271
351
409
478
32
98
156
179
297
40
29
236
92
196
297
40
73
123
379
63
412
162
224
314
70
78
262
63
72
74
174
88
276
251
277
302
333
773
1524
1691
1728
1745
1922
33
111
38
80
67
87
123
192
115
174
31
88
115
168
35
130
181
259
285
339
368
407
549
677
59
106
96
161
69
258
351
526
622
713
846
1555
1638
1694
1896
1946
2125
2190
2218
2313
2391
2490
2569
2658
2710
2788
44
88
86
28
142
49
104
140
250
313
333
379
412
192
301
43
93
76
329
548
747
79
37
144
338
475
122
58
268
509
585
666
163
204
65
102
360
678
754
64
178
224
63
98
56
97
360
192
72
41
42
31
85
67
197
533
93
404
449
273
311
392
55
115
204
230
53
415
681
302
349
189
17
127
51
48
110
271
110
160
332
45
51
598
823
1061
270
271
57
150
305
37
114
55
118
124
49
53
149
178
40
140
190
399
619
681
138
317
450
597
125
54
29
24
261
250
343
1263
1291
1721
2793
101
385
69
205
74
640
911
1183
1370
2466
2698
2977
3256
93
453
488
526
554
41
150
60
151
90
208
48
122
164
78
175
75
202
83
91
226
82
100
196
126
164
289
400
467
669
991
1589
1915
67
1023
1366
57
73
43
164
132
97
40
113
135
74
114
128
75
85
110
50
44
66
223
266
276
585
1250
1301
1374
1586
1699
1882
2052
56
71
110
150
212
349
432
86
41
634
124
55
81
211
330
411
481
57
48
103
561
624
55
104
74
141
350
44
44
54
145
31
28
136
51
125
89
87
84
75
48
72
108
260
39
292
67
81
93
237
32
61
62
98
181
301
383
453
481
566
728
765
808
887
915
968
1013
1095
1130
1277
1345
1661
1749
1772
1862
1914
1954
2204
2232
74
104
132
162
191
269
295
316
353
391
686
929
951
994
1016
1043
1073
1103
1136
1160
1187
1211
1235
1259
1283
1308
1332
1358
1382
1406
1430
1455
1478
1499
74
121
181
74
53
111
75
230
270
50
90
134
187
266
42
109
50
481
95
165
209
62
112
218
296
445
479
236
103
157
99
158
69
73
32
69
154
37
105
92
106
238
384
69
131
110
142
162
251
290
115
127
166
205
62
228
339
469
548
621
75
107
105
145
148
165
224
528
589
100
156
306
26
164
291
378
508
55
393
929
997
1220
1363
1748
1996
2051
2196
2448
270
324
427
537
653
897
963
1095
1298
1693
30
147
525
698
887
1114
78
228
317
96
196
283
384
752
778
937
1120
183
440
515
108
202
81
100
82
250
272
133
38
559
80
16
244
370
459
306
350
85
131
357
411
85
44
37
9
83
412
448
486
544
576
674
770
848
996
1687
1744
2102
2164
2220
2277
2367
2424
2588
2867
3205
143
170
68
148
174
196
305
67
149
62
42
253
40
78
136
173
116
166
143
203
237
325
480
584
721
38
47
246
39
83
113
81
76
381
471
131
195
308
384
67
85
131
44
126
159
205
255
303
414
53
159
105
147
156
72
114
79
33
27
76
189
96
559
60
94
204
100
56
71
37
113
96
237
267
603
227
107
231
185
68
155
59
84
64
187
261
206
20
123
181
49
173
309
347
401
524
604
102
55
123
29
49
107
42
69
111
136
163
78
326
381
109
72
36
142
68
30
98
25
91
167
85
134
190
214
321
359
444
549
612
668
691
732
790
964
1029
1120
1248
1280
1372
1423
1473
1525
1754
1784
1818
1912
1959
2003
2077
2119
2186
2267
2363
2449
2976
3014
3061
127
165
225
241
148
209
271
213
44
72
118
141
176
229
267
180
92
122
45
92
123
71
81
162
248
271
390
112
204
239
367
435
256
576
41
80
136
90
92
39
61
129
98
708
920
570
88
64
30
81
192
267
407
456
847
919
954
1076
29
55
81
107
133
159
185
211
237
263
289
315
341
368
395
423
449
475
501
527
555
582
610
636
637
87
152
475
48
84
129
8
8
84
658
163
293
57
81
38
63
546
41
96
160
76
80
42
108
50
115
176
184
331
655
190
219
452
633
1036
49
74
101
178
209
395
458
482
49
168
49
226
242
443
138
85
25
72
51
25
10
13
107
39
58
41
35
90
434
517
75
257
63
196
332
108
153
186
256
317
395
133
146
491
51
111
71
356
92
36
98
133
156
69
48
166
576
761
856
52
54
59
53
47
46
53
857
1123
1143
1163
1183
1223
1243
1241
1321
45
97
150
232
329
430
520
612
670
720
1138
1526
117
98
141
113
524
164
224
305
327
759
778
867
1035
1056
1116
1136
1156
1196
1216
1248
1264
1294
1310
1325
218
228
133
232
583
113
32
106
24
47
125
145
134
191
218
329
352
624
715
747
62
341
464
54
71
173
152
187
169
56
97
88
130
38
167
399
499
545
622
104
69
157
216
126
49
126
169
201
200
608
666
319
34
57
75
25
135
10
34
80
59
65
30
56
36
73
55
32
38
49
32
33
54
187
102
486
578
37
55
132
197
275
340
415
35
40
42
46
269
38
115
184
224
51
83
122
277
369
245
421
560
29
60
132
168
63
51
418
466
563
759
830
956
1131
1195
1513
1725
1784
1827
1886
1929
2010
2053
2112
2186
2253
2339
2394
2458
130
246
300
63
155
191
225
263
301
339
377
415
453
509
921
1153
39
80
110
392
153
197
108
137
217
412
39
42
62
68
28
47
410
464
187
185
152
212
60
26
57
185
52
97
104
170
117
149
168
300
537
90
110
156
244
129
36
74
48
82
343
211
268
309
50
112
39
108
46
66
212
426
483
520
14
81
212
248
304
356
92
172
228
79
31
120
205
241
156
43
46
48
207
142
264
105
341
171
543
658
963
1141
62
138
150
185
489
669
162
504
121
423
535
620
283
11
47
171
287
371
479
586
670
846
933
976
1036
411
447
635
785
84
170
42
50
280
83
78
91
87
78
36
106
132
209
238
272
296
317
341
363
434
450
466
482
498
514
534
560
584
610
70
109
172
144
215
239
309
335
367
388
405
74
38
43
40
21
30
40
37
50
42
47
95
188
261
314
419
532
561
728
878
972
1064
1261
1312
1354
1391
1426
131
40
124
498
724
131
103
223
363
216
50
18
55
73
101
138
216
340
67
75
250
42
76
79
189
74
273
75
145
180
76
88
236
86
81
80
136
249
302
365
422
449
519
363
131
267
67
129
60
76
144
68
329
750
73
108
208
98
364
449
575
593
611
75
73
140
374
418
473
49
157
70
24
24
32
37
118
168
108
149
237
364
392
482
30
46
52
372
619
44
60
25
29
82
43
76
126
59
87
304
434
503
546
942
1171
61
124
180
597
172
49
72
106
206
178
103
31
82
117
145
240
288
227
64
108
176
251
300
38
63
46
350
432
68
94
134
154
68
137
221
52
100
120
37
115
59
91
206
271
101
120
169
251
439
575
1124
1156
1229
189
509
63
212
249
271
293
70
108
297
62
67
387
184
238
294
355
529
703
100
86
125
195
134
109
83
183
90
170
126
127
52
126
307
59
103
160
113
174
268
337
515
88
52
55
67
224
260
102
140
268
119
127
88
147
221
248
266
333
502
559
49
200
273
329
126
324
409
974
1215
1346
1484
91
85
154
226
307
359
398
482
576
633
873
49
81
169
179
62
266
331
132
274
340
435
507
566
75
303
371
441
486
592
40
129
45
34
43
57
99
37
153
218
75
56
139
35
43
68
45
78
159
178
298
396
456
524
668
773
820
1107
69
203
240
49
93
189
262
290
340
69
48
95
114
95
84
114
244
287
49
143
252
196
65
442
682
737
44
30
73
62
82
67
110
148
247
284
132
240
303
131
231
437
508
63
97
205
224
273
319
396
420
548
626
773
849
91
88
140
231
262
420
86
262
583
687
714
863
920
1113
1206
81
84
79
82
51
73
148
213
371
467
540
681
781
888
966
1062
88
168
430
147
180
210
247
120
148
316
451
871
34
238
314
619
723
129
203
39
167
201
414
56
36
30
97
142
166
190
89
119
54
98
48
146
79
33
26
471
562
107
189
129
236
372
431
679
722
921
1025
1281
1430
84
166
263
458
532
132
227
402
458
528
224
282
91
127
195
238
399
495
165
314
465
564
358
681
774
850
1129
1261
1405
83
34
162
104
270
321
346
75
105
153
42
35
595
773
1068
74
49
59
49
279
405
41
56
165
67
167
171
154
291
425
83
332
220
116
847
902
41
108
137
267
444
558
214
234
413
542
87
70
1103
1203
1286
1572
72
65
122
63
112
760
56
219
257
279
345
407
215
59
407
154
42
85
184
86
71
143
162
68
86
46
70
96
137
184
311
382
444
95
112
61
67
49
62
130
209
364
98
439
153
225
287
411
461
37
101
195
317
39
164
499
619
701
80
142
158
225
339
125
109
124
47
49
41
29
67
105
143
181
329
357
263
226
64
181
114
350
91
133
172
506
68
178
72
121
293
385
91
91
30
85
151
287
305
147
171
209
268
696
147
86
122
167
82
137
67
189
68
224
418
466
505
116
35
47
52
20
69
159
250
337
381
63
53
90
165
74
54
64
134
185
79
53
28
8
53
194
306
59
47
94
60
73
72
72
210
277
89
117
113
174
57
101
145
236
361
465
82
158
390
420
455
183
255
73
63
30
236
174
128
66
34
35
56
82
99
156
165
48
70
144
204
114
164
158
226
305
120
182
236
109
109
138
229
252
43
65
44
158
214
247
110
153
172
190
781
964
1046
84
57
42
147
233
40
204
143
198
376
101
37
188
504
79
71
360
450
546
243
473
551
191
78
104
191
399
83
123
63
129
82
207
266
126
136
55
101
193
37
87
184
38
225
39
72
357
434
577
192
326
400
95
244
288
508
102
370
493
552
591
186
268
321
345
459
97
112
458
24
287
130
1000
1090
1200
1304
1539
108
143
487
538
571
603
641
211
343
48
78
62
96
284
392
418
481
145
750
257
348
475
849
1163
1338
1804
1913
2021
2154
2374
70
98
138
189
453
101
196
527
621
645
118
184
333
392
415
294
405
112
270
327
182
391
497
526
106
177
90
158
227
97
222
48
260
398
596
690
928
957
46
79
148
414
112
98
149
115
162
267
309
411
491
605
739
771
932
261
424
521
570
402
514
539
80
124
238
341
404
260
301
649
112
296
541
185
50
50
53
85
124
192
169
356
47
85
92
104
123
209
412
60
51
186
57
112
64
145
227
66
209
329
541
43
44
43
44
44
50
155
35
57
192
271
333
378
504
834
888
931
1033
1197
84
189
44
99
35
37
82
141
177
65
205
42
30
175
214
27
44
75
108
84
132
179
221
315
356
530
571
613
656
698
740
780
822
864
906
997
1038
1080
1121
1185
1235
1323
1365
1409
1451
1495
1549
1648
1682
1724
1758
1782
1812
1854
1901
1952
1992
2032
2072
2120
2158
2196
2251
31
147
173
192
242
410
520
623
1012
1153
137
46
148
238
295
344
761
827
956
1041
1171
1240
1340
1377
45
44
72
67
123
54
173
420
578
905
1429
1526
1975
2156
2337
2723
2746
2795
52
104
181
236
352
417
469
117
44
228
35
44
81
211
282
33
106
186
270
353
416
480
576
694
789
847
940
1024
1111
1204
1251
515
854
67
138
258
421
569
1109
1219
1344
1481
1579
1655
1725
49
46
45
68
67
165
366
415
224
466
80
110
139
168
201
236
268
293
312
354
156
257
517
613
673
59
87
113
169
200
52
40
132
112
40
123
170
26
26
42
27
358
32
39
62
108
40
39
235
496
714
767
806
874
893
951
35
52
76
27
66
54
83
237
331
61
79
96
125
293
158
44
40
102
112
247
30
48
85
142
337
635
708
163
257
39
139
38
129
56
214
232
49
79
97
131
53
146
256
51
81
140
209
274
346
385
478
34
229
309
50
73
98
145
96
144
191
270
322
30
62
127
89
157
369
126
222
53
88
110
43
159
35
112
47
77
27
66
169
98
131
150
220
386
522
30
161
194
215
262
294
335
510
532
643
675
767
789
928
1122
1313
1338
60
150
198
234
269
327
383
405
525
562
583
664
36
34
155
404
515
773
814
857
106
201
396
513
540
614
724
814
907
46
134
207
291
373
462
73
138
165
187
244
335
386
420
484
121
98
110
117
146
171
61
105
312
66
140
348
538
134
195
262
38
35
66
57
138
265
40
100
168
234
48
118
260
309
361
485
534
560
826
114
48
101
203
313
106
78
188
212
117
162
196
288
851
996
1118
45
51
86
123
160
56
106
156
215
139
35
52
35
56
45
82
71
85
37
59
209
54
86
131
32
39
83
124
163
209
253
294
338
71
278
334
520
627
37
73
109
147
183
223
263
304
362
418
480
544
607
667
730
794
857
917
980
1044
1107
1167
1235
1305
1381
1447
1515
1574
72
123
221
341
492
42
62
95
168
187
42
55
37
56
114
34
35
112
231
274
370
52
77
107
129
154
78
188
212
87
95
37
40
54
107
188
249
269
34
59
165
38
50
291
382
619
637
35
513
674
834
873
993
1098
1182
1285
1324
1386
47
69
33
271
181
270
321
369
80
83
370
519
1186
32
61
170
220
45
45
94
233
35
33
51
69
37
35
42
62
108
23
53
69
92
160
55
189
59
73
55
96
372
502
583
31
48
230
271
335
421
472
53
101
152
49
503
823
31
35
58
93
86
162
56
78
123
198
53
72
97
133
28
105
310
794
975
1137
1302
1449
1564
43
200
339
58
88
38
129
97
264
338
415
491
564
642
718
793
871
948
1022
1100
1178
1251
1329
1407
1908
2114
30
107
226
265
295
407
494
576
860
1078
1122
1214
1341
1500
1751
1800
1901
1953
2189
2266
2309
2333
2402
2533
2594
2631
2685
45
167
379
57
136
171
202
253
360
472
991
1072
1220
30
149
289
391
464
600
824
928
1001
1111
1194
1343
1440
1491
1544
1637
1777
2059
2193
63
110
206
134
285
117
52
526
59
155
186
60
37
121
232
315
462
516
601
666
917
1019
1091
48
164
245
278
57
244
70
177
354
464
556
38
35
37
33
96
134
315
334
78
188
212
62
102
272
319
356
408
35
37
62
35
70
86
171
39
33
38
108
298
447
640
668
781
802
914
33
28
48
185
35
53
120
169
206
45
77
57
114
232
335
407
28
64
136
205
231
262
293
331
356
38
28
35
29
48
56
157
225
273
45
39
181
224
87
78
188
212
75
133
174
268
381
492
829
949
1104
218
45
44
154
378
39
17
116
24
106
151
32
78
87
177
148
320
363
406
611
657
108
114
172
17
34
45
190
289
47
64
85
208
48
123
26
57
191
26
121
40
207
41
211
110
196
319
157
224
261
289
341
78
166
219
251
310
42
68
53
98
219
272
346
61
51
164
206
266
518
56
128
181
164
66
170
283
446
528
610
694
781
133
214
46
107
149
63
37
53
99
41
65
51
35
51
33
87
62
205
326
415
524
650
703
104
195
277
361
447
511
577
675
794
930
996
1163
1269
1367
1419
465
535
492
112
116
151
32
76
123
169
287
371
413
36
131
180
258
228
73
164
206
67
50
192
248
657
811
921
103
184
80
118
171
43
44
36
90
133
156
132
117
88
133
188
38
124
73
310
74
152
194
295
332
358
385
429
474
510
541
590
112
38
46
49
37
97
119
43
146
184
343
391
483
552
36
82
273
361
405
617
1097
1226
582
65
35
31
70
106
179
252
60
212
196
1055
54
167
350
432
491
169
281
357
399
197
261
307
136
242
364
395
414
654
722
764
969
54
168
189
211
234
324
49
137
289
350
485
538
698
63
34
55
89
30
173
431
490
518
567
672
797
824
46
35
39
77
49
75
45
101
45
101
59
85
150
467
50
109
151
210
363
70
107
155
177
315
331
385
470
489
538
564
766
815
892
950
1006
1036
1075
98
122
162
54
253
29
55
124
41
52
121
36
115
35
108
198
322
100
61
123
57
515
557
599
132
158
30
29
40
35
29
167
196
40
60
44
289
346
31
49
45
50
50
85
111
48
212
274
333
55
164
119
56
52
139
78
55
92
49
101
78
116
153
178
222
344
33
275
103
53
270
75
60
35
614
207
39
56
280
333
41
138
267
32
46
225
350
409
75
23
59
98
70
103
198
217
269
345
392
64
88
116
172
228
289
353
419
483
549
613
684
751
825
34
68
125
195
250
50
138
230
37
36
96
170
229
298
364
426
502
35
68
125
195
58
43
80
154
37
35
109
165
97
326
366
411
50
30
55
108
224
74
161
38
109
171
118
51
138
58
28
70
38
75
53
83
227
691
742
183
374
497
765
890
1055
41
187
259
318
384
33
75
171
42
230
250
272
312
334
356
378
400
422
444
468
492
515
588
98
135
365
389
411
452
521
832
959
975
1038
1172
1438
81
258
605
62
150
194
270
312
442
541
661
720
833
48
62
206
282
359
557
669
98
125
155
177
264
69
198
421
160
43
87
131
175
211
61
220
448
763
38
105
145
301
71
134
163
43
381
523
766
46
115
68
184
45
520
600
41
60
94
71
171
250
32
32
43
67
92
116
142
169
195
222
248
274
300
324
350
76
64
105
144
111
90
170
209
151
142
196
279
207
68
35
86
124
199
212
48
89
609
784
902
1029
148
208
102
184
267
628
739
840
1008
62
175
138
194
248
307
70
120
220
340
171
218
140
289
439
477
558
780
894
1050
271
313
365
497
34
81
126
300
39
231
389
30
176
86
104
114
42
62
115
248
282
333
32
28
292
71
132
139
611
77
261
334
100
168
111
197
90
69
73
53
85
439
480
1146
71
96
43
30
41
88
49
211
510
97
76
64
173
161
151
221
109
475
524
390
656
899
994
144
75
188
418
76
262
312
91
46
416
439
568
27
86
105
174
33
35
51
154
173
95
368
107
149
215
225
550
624
237
211
359
744
801
946
1115
107
232
63
147
147
273
442
633
166
178
227
378
404
445
668
698
729
106
142
299
404
518
178
62
139
55
82
114
270
293
369
193
277
462
69
220
83
228
439
114
177
96
166
323
49
98
81
337
431
509
103
176
356
439
529
154
279
327
459
595
646
709
770
808
937
1060
1246
1313
120
392
54
55
169
192
96
48
69
141
90
102
142
66
178
83
382
563
618
781
68
223
426
505
103
2330
312
129
316
183
196
44
62
55
32
59
73
178
349
90
1219
1978
43
167
396
502
691
409
498
60
121
184
311
144
187
252
299
627
63
136
78
58
187
225
281
136
40
41
36
39
65
50
120
107
112
192
274
67
112
64
91
133
309
362
590
722
855
981
1188
1456
1736
1829
2128
2283
188
300
374
42
49
66
160
43
48
154
365
176
203
269
764
803
113
117
430
580
667
693
723
759
785
811
842
869
900
927
953
975
1007
1039
1622
2324
2598
2705
85
60
81
55
61
79
97
115
161
591
180
218
239
259
379
463
481
549
756
821
858
1212
1374
1419
53
146
271
327
400
595
809
864
1011
1036
1084
1237
117
149
190
232
291
340
409
447
1411
1741
1814
1874
68
40
73
265
297
435
47
69
160
214
278
149
241
323
137
182
280
61
275
341
363
472
501
778
923
983
1267
1423
111
167
223
310
361
402
454
540
586
671
781
853
936
997
1195
491
811
851
1018
1293
1572
1607
114
95
119
181
246
62
54
57
81
140
37
54
107
72
103
192
306
391
495
591
642
36
67
137
740
851
106
149
220
293
384
424
462
51
162
91
196
221
291
327
420
516
52
327
374
72
187
105
140
116
536
70
68
155
103
306
68
155
616
79
80
68
84
132
135
45
67
345
74
392
423
477
542
645
321
624
818
877
1012
152
238
305
409
486
552
698
738
99
135
95
95
87
27
91
326
75
72
112
79
69
92
92
89
148
72
58
80
409
442
82
156
213
240
87
127
233
295
347
37
128
112
190
276
456
550
635
677
760
791
881
909
1016
32
55
109
138
166
55
59
124
49
77
85
165
51
157
244
269
313
339
377
424
467
510
58
98
139
193
236
266
291
318
385
510
32
50
86
43
40
41
35
46
34
29
93
12
20
7
36
85
143
190
235
37
115
131
52
134
229
39
23
34
55
34
67
57
23
41
39
65
94
136
327
103
125
47
67
229
119
104
210
589
75
32
53
81
176
154
83
170
205
238
280
31
76
111
151
230
311
31
71
225
423
9
36
82
182
510
114
65
100
60
146
186
30
61
105
213
73
62
163
223
299
321
35
46
109
389
585
821
922
167
262
420
533
793
849
1548
1614
1928
2036
2119
375
411
428
461
506
529
582
609
636
93
111
70
74
92
144
67
87
145
111
151
424
321
78
111
171
203
250
295
168
250
174
206
253
298
143
50
207
234
25
54
40
146
182
36
79
178
130
60
226
65
111
78
78
166
112
60
56
247
480
685
789
839
27
123
234
172
199
170
277
743
1257
1528
106
46
64
100
370
716
867
1079
1164
1238
1293
1402
1448
1593
1768
1852
1880
1936
69
127
391
455
545
38
111
63
166
274
77
39
117
47
120
838
963
1090
82
100
136
169
190
238
341
209
42
93
179
33
112
260
124
85
186
90
199
40
31
424
460
540
713
162
66
318
197
307
497
642
207
346
382
484
46
51
107
267
55
107
32
30
113
173
41
88
138
187
231
89
130
38
66
94
127
153
241
52
143
170
214
41
32
65
113
23
61
97
54
98
161
187
192
69
76
70
119
38
108
268
61
127
48
227
521
126
160
196
246
401
441
158
171
342
727
762
843
397
473
559
130
227
68
126
89
74
187
95
242
369
411
496
615
681
76
78
140
188
213
238
233
154
405
504
546
614
56
191
235
77
140
397
64
163
47
95
44
163
224
151
652
767
948
1015
1062
101
126
165
246
69
97
325
550
234
247
484
545
565
260
436
779
845
90
428
616
95
158
70
37
6
6
6
7
17
143
26
410
212
41
58
131
323
64
163
78
138
170
208
116
221
70
238
74
172
289
342
500
56
138
65
330
495
627
738
917
1004
65
106
214
251
53
7
118
207
288
394
493
563
704
816
187
222
135
253
222
317
135
186
236
167
233
339
504
683
148
307
146
235
39
344
388
547
645
319
275
166
157
231
564
874
1007
59
209
290
493
759
903
1011
1103
1234
38
80
55
341
705
943
1268
1383
1572
418
495
107
151
806
84
185
200
76
121
307
378
77
213
74
178
60
248
177
868
231
195
58
131
308
69
169
348
65
120
171
78
218
208
888
971
1056
223
630
1077
1385
1451
1485
3051
3115
3416
3695
3808
3882
3991
4270
4558
5089
5166
5537
5648
120
545
619
847
891
934
1095
1180
1261
1307
1354
381
211
507
670
801
990
128
243
351
429
155
227
69
430
464
69
122
174
72
26
351
400
182
267
308
344
181
78
175
321
77
127
217
322
421
465
55
620
804
850
906
1171
1245
1327
1626
1698
1781
1913
182
56
110
256
513
135
48
40
208
366
708
856
1038
51
57
100
261
322
54
116
84
45
189
63
344
592
660
757
1032
1161
1274
1526
154
62
82
103
180
137
3
239
289
